##TITLE= Parameter file, TopSpin 3.6.2
##JCAMPDX= 5.0
##DATATYPE= Parameter Values
##ORIGIN= Bruker BioSpin GmbH
##OWNER= nmr
$$ 2024-04-24 17:22:56.294 +0200  nmr@CZC912DKQJ
$$ /opt/topspin3.6.2/exp/stan/nmr/lists/wave/user/nes_seduce_etoh_15ms
$$ process /opt/topspin3.6.2/prog/mod/toolserver
##MINX= 0.00000000
##MAXX= 96.35226300
##MINY= 0.73827100
##MAXY= 359.69786900
##$SHAPE_ADDPHASE= 0
##$SHAPE_AMP= 96.35226255
##$SHAPE_BWFAC= 0
##$SHAPE_BWFAC50= 0
##$SHAPE_CALCBW= yes
##$SHAPE_CALCINTEG= yes
##$SHAPE_EXMODE= <Universal>
##$SHAPE_EXPAND= <>
##$SHAPE_EXPANDCF= (0..143)
0 0 0 0 0 0 0 0 0 0 0 0 0 0 0 0 0 0 0 0 0 0 0 0 0 0 0 0 0 0 0 0 0 0 0 0
0 0 0 0 0 0 0 0 0 0 0 0 0 0 0 0 0 0 0 0 0 0 0 0 0 0 0 0 0 0 0 0 0 0 0 0
0 0 0 0 0 0 0 0 0 0 0 0 0 0 0 0 0 0 0 0 0 0 0 0 0 0 0 0 0 0 0 0 0 0 0 0
0 0 0 0 0 0 0 0 0 0 0 0 0 0 0 0 0 0 0 0 0 0 0 0 0 0 0 0 0 0 0 0 0 0 0 0
##$SHAPE_EXPFAC= 0
##$SHAPE_FRACEND= 0
##$SHAPE_FRACORG= 0
##$SHAPE_FRACSTART= 0
##$SHAPE_INTEGFAC= 0
##$SHAPE_KEEPRES= yes
##$SHAPE_LENGTH= 15000
##$SHAPE_MAN= <>
##$SHAPE_MODE= 3
##$SHAPE_MODFREQ= 0
##$SHAPE_MODPHASE= 0
##$SHAPE_MODSCALE= 0
##$SHAPE_MODSW= 0
##$SHAPE_MODSWDIR= -1
##$SHAPE_NPOINTS= 1000
##$SHAPE_OFFS= <>
##$SHAPE_OFFSCOEFF= (0..95)
0 0 0 0 0 0 0 0 0 0 0 0 0 0 0 0 0 0 0 0 0 0 0 0 0 0 0 0 0 0 0 0 0 0 0 0
0 0 0 0 0 0 0 0 0 0 0 0 0 0 0 0 0 0 0 0 0 0 0 0 0 0 0 0 0 0 0 0 0 0 0 0
0 0 0 0 0 0 0 0 0 0 0 0 0 0 0 0 0 0 0 0 0 0 0 0
##$SHAPE_PARAMETER= <>
##$SHAPE_REPHFAC= 0
##$SHAPE_RES= 0
##$SHAPE_SCALEFAC= 1.03785835
##$SHAPE_SCALETYPE= 0
##$SHAPE_SPOAL= 0
##$SHAPE_SPOFFS= 0
##$SHAPE_SPOPH= 0
##$SHAPE_TOTROT= 90
##$SHAPE_TYPE= <Excitation>
##$SHAPE_USER_DEF= 0
##$SHAPE_VERSION= 2.1
##$SHL_ADDPHASE= (0..15)
0 0 0 0 0 0 0 0 0 0 0 0 0 0 0 0
##$SHL_ALIGNOFFSET= (0..15)
0 0 0 0 0 0 0 0 0 0 0 0 0 0 0 0
##$SHL_AMP= (0..15)
96.35226255 0 0 0 0 0 0 0 0 0 0 0 0 0 0 0
##$SHL_AMPFAC= (0..15)
0 0 0 0 0 0 0 0 0 0 0 0 0 0 0 0
##$SHL_BETA= (0..15)
0 0 0 0 0 0 0 0 0 0 0 0 0 0 0 0
##$SHL_BWFAC= (0..15)
0 0 0 0 0 0 0 0 0 0 0 0 0 0 0 0
##$SHL_CALCBW= (0..15)
yes yes yes yes yes yes yes yes yes yes yes yes yes yes yes yes
##$SHL_CALCINTEG= (0..15)
yes yes yes yes yes yes yes yes yes yes yes yes yes yes yes yes
##$SHL_CENTERAMP= (0..15)
0 0 0 0 0 0 0 0 0 0 0 0 0 0 0 0
##$SHL_CYCNUM= (0..15)
0 0 0 0 0 0 0 0 0 0 0 0 0 0 0 0
##$SHL_DIPOLCPL= (0..15)
0 0 0 0 0 0 0 0 0 0 0 0 0 0 0 0
##$SHL_ENDAMP= (0..15)
0 0 0 0 0 0 0 0 0 0 0 0 0 0 0 0
##$SHL_EXMODE= (0..15)
<Universal> <> <> <> <> <> <> <> <> <> <> <> <> <> <> <>
##$SHL_EXPAND= (0..15)
<> <> <> <> <> <> <> <> <> <> <> <> <> <> <> <>
##$SHL_EXPANDCF0= (0..143)
0 0 0 0 0 0 0 0 0 0 0 0 0 0 0 0 0 0 0 0 0 0 0 0 0 0 0 0 0 0 0 0 0 0 0 0
0 0 0 0 0 0 0 0 0 0 0 0 0 0 0 0 0 0 0 0 0 0 0 0 0 0 0 0 0 0 0 0 0 0 0 0
0 0 0 0 0 0 0 0 0 0 0 0 0 0 0 0 0 0 0 0 0 0 0 0 0 0 0 0 0 0 0 0 0 0 0 0
0 0 0 0 0 0 0 0 0 0 0 0 0 0 0 0 0 0 0 0 0 0 0 0 0 0 0 0 0 0 0 0 0 0 0 0
##$SHL_EXPANDCF1= (0..143)
0 0 0 0 0 0 0 0 0 0 0 0 0 0 0 0 0 0 0 0 0 0 0 0 0 0 0 0 0 0 0 0 0 0 0 0
0 0 0 0 0 0 0 0 0 0 0 0 0 0 0 0 0 0 0 0 0 0 0 0 0 0 0 0 0 0 0 0 0 0 0 0
0 0 0 0 0 0 0 0 0 0 0 0 0 0 0 0 0 0 0 0 0 0 0 0 0 0 0 0 0 0 0 0 0 0 0 0
0 0 0 0 0 0 0 0 0 0 0 0 0 0 0 0 0 0 0 0 0 0 0 0 0 0 0 0 0 0 0 0 0 0 0 0
##$SHL_EXPANDCF10= (0..143)
0 0 0 0 0 0 0 0 0 0 0 0 0 0 0 0 0 0 0 0 0 0 0 0 0 0 0 0 0 0 0 0 0 0 0 0
0 0 0 0 0 0 0 0 0 0 0 0 0 0 0 0 0 0 0 0 0 0 0 0 0 0 0 0 0 0 0 0 0 0 0 0
0 0 0 0 0 0 0 0 0 0 0 0 0 0 0 0 0 0 0 0 0 0 0 0 0 0 0 0 0 0 0 0 0 0 0 0
0 0 0 0 0 0 0 0 0 0 0 0 0 0 0 0 0 0 0 0 0 0 0 0 0 0 0 0 0 0 0 0 0 0 0 0
##$SHL_EXPANDCF11= (0..143)
0 0 0 0 0 0 0 0 0 0 0 0 0 0 0 0 0 0 0 0 0 0 0 0 0 0 0 0 0 0 0 0 0 0 0 0
0 0 0 0 0 0 0 0 0 0 0 0 0 0 0 0 0 0 0 0 0 0 0 0 0 0 0 0 0 0 0 0 0 0 0 0
0 0 0 0 0 0 0 0 0 0 0 0 0 0 0 0 0 0 0 0 0 0 0 0 0 0 0 0 0 0 0 0 0 0 0 0
0 0 0 0 0 0 0 0 0 0 0 0 0 0 0 0 0 0 0 0 0 0 0 0 0 0 0 0 0 0 0 0 0 0 0 0
##$SHL_EXPANDCF12= (0..143)
0 0 0 0 0 0 0 0 0 0 0 0 0 0 0 0 0 0 0 0 0 0 0 0 0 0 0 0 0 0 0 0 0 0 0 0
0 0 0 0 0 0 0 0 0 0 0 0 0 0 0 0 0 0 0 0 0 0 0 0 0 0 0 0 0 0 0 0 0 0 0 0
0 0 0 0 0 0 0 0 0 0 0 0 0 0 0 0 0 0 0 0 0 0 0 0 0 0 0 0 0 0 0 0 0 0 0 0
0 0 0 0 0 0 0 0 0 0 0 0 0 0 0 0 0 0 0 0 0 0 0 0 0 0 0 0 0 0 0 0 0 0 0 0
##$SHL_EXPANDCF13= (0..143)
0 0 0 0 0 0 0 0 0 0 0 0 0 0 0 0 0 0 0 0 0 0 0 0 0 0 0 0 0 0 0 0 0 0 0 0
0 0 0 0 0 0 0 0 0 0 0 0 0 0 0 0 0 0 0 0 0 0 0 0 0 0 0 0 0 0 0 0 0 0 0 0
0 0 0 0 0 0 0 0 0 0 0 0 0 0 0 0 0 0 0 0 0 0 0 0 0 0 0 0 0 0 0 0 0 0 0 0
0 0 0 0 0 0 0 0 0 0 0 0 0 0 0 0 0 0 0 0 0 0 0 0 0 0 0 0 0 0 0 0 0 0 0 0
##$SHL_EXPANDCF14= (0..143)
0 0 0 0 0 0 0 0 0 0 0 0 0 0 0 0 0 0 0 0 0 0 0 0 0 0 0 0 0 0 0 0 0 0 0 0
0 0 0 0 0 0 0 0 0 0 0 0 0 0 0 0 0 0 0 0 0 0 0 0 0 0 0 0 0 0 0 0 0 0 0 0
0 0 0 0 0 0 0 0 0 0 0 0 0 0 0 0 0 0 0 0 0 0 0 0 0 0 0 0 0 0 0 0 0 0 0 0
0 0 0 0 0 0 0 0 0 0 0 0 0 0 0 0 0 0 0 0 0 0 0 0 0 0 0 0 0 0 0 0 0 0 0 0
##$SHL_EXPANDCF15= (0..143)
0 0 0 0 0 0 0 0 0 0 0 0 0 0 0 0 0 0 0 0 0 0 0 0 0 0 0 0 0 0 0 0 0 0 0 0
0 0 0 0 0 0 0 0 0 0 0 0 0 0 0 0 0 0 0 0 0 0 0 0 0 0 0 0 0 0 0 0 0 0 0 0
0 0 0 0 0 0 0 0 0 0 0 0 0 0 0 0 0 0 0 0 0 0 0 0 0 0 0 0 0 0 0 0 0 0 0 0
0 0 0 0 0 0 0 0 0 0 0 0 0 0 0 0 0 0 0 0 0 0 0 0 0 0 0 0 0 0 0 0 0 0 0 0
##$SHL_EXPANDCF2= (0..143)
0 0 0 0 0 0 0 0 0 0 0 0 0 0 0 0 0 0 0 0 0 0 0 0 0 0 0 0 0 0 0 0 0 0 0 0
0 0 0 0 0 0 0 0 0 0 0 0 0 0 0 0 0 0 0 0 0 0 0 0 0 0 0 0 0 0 0 0 0 0 0 0
0 0 0 0 0 0 0 0 0 0 0 0 0 0 0 0 0 0 0 0 0 0 0 0 0 0 0 0 0 0 0 0 0 0 0 0
0 0 0 0 0 0 0 0 0 0 0 0 0 0 0 0 0 0 0 0 0 0 0 0 0 0 0 0 0 0 0 0 0 0 0 0
##$SHL_EXPANDCF3= (0..143)
0 0 0 0 0 0 0 0 0 0 0 0 0 0 0 0 0 0 0 0 0 0 0 0 0 0 0 0 0 0 0 0 0 0 0 0
0 0 0 0 0 0 0 0 0 0 0 0 0 0 0 0 0 0 0 0 0 0 0 0 0 0 0 0 0 0 0 0 0 0 0 0
0 0 0 0 0 0 0 0 0 0 0 0 0 0 0 0 0 0 0 0 0 0 0 0 0 0 0 0 0 0 0 0 0 0 0 0
0 0 0 0 0 0 0 0 0 0 0 0 0 0 0 0 0 0 0 0 0 0 0 0 0 0 0 0 0 0 0 0 0 0 0 0
##$SHL_EXPANDCF4= (0..143)
0 0 0 0 0 0 0 0 0 0 0 0 0 0 0 0 0 0 0 0 0 0 0 0 0 0 0 0 0 0 0 0 0 0 0 0
0 0 0 0 0 0 0 0 0 0 0 0 0 0 0 0 0 0 0 0 0 0 0 0 0 0 0 0 0 0 0 0 0 0 0 0
0 0 0 0 0 0 0 0 0 0 0 0 0 0 0 0 0 0 0 0 0 0 0 0 0 0 0 0 0 0 0 0 0 0 0 0
0 0 0 0 0 0 0 0 0 0 0 0 0 0 0 0 0 0 0 0 0 0 0 0 0 0 0 0 0 0 0 0 0 0 0 0
##$SHL_EXPANDCF5= (0..143)
0 0 0 0 0 0 0 0 0 0 0 0 0 0 0 0 0 0 0 0 0 0 0 0 0 0 0 0 0 0 0 0 0 0 0 0
0 0 0 0 0 0 0 0 0 0 0 0 0 0 0 0 0 0 0 0 0 0 0 0 0 0 0 0 0 0 0 0 0 0 0 0
0 0 0 0 0 0 0 0 0 0 0 0 0 0 0 0 0 0 0 0 0 0 0 0 0 0 0 0 0 0 0 0 0 0 0 0
0 0 0 0 0 0 0 0 0 0 0 0 0 0 0 0 0 0 0 0 0 0 0 0 0 0 0 0 0 0 0 0 0 0 0 0
##$SHL_EXPANDCF6= (0..143)
0 0 0 0 0 0 0 0 0 0 0 0 0 0 0 0 0 0 0 0 0 0 0 0 0 0 0 0 0 0 0 0 0 0 0 0
0 0 0 0 0 0 0 0 0 0 0 0 0 0 0 0 0 0 0 0 0 0 0 0 0 0 0 0 0 0 0 0 0 0 0 0
0 0 0 0 0 0 0 0 0 0 0 0 0 0 0 0 0 0 0 0 0 0 0 0 0 0 0 0 0 0 0 0 0 0 0 0
0 0 0 0 0 0 0 0 0 0 0 0 0 0 0 0 0 0 0 0 0 0 0 0 0 0 0 0 0 0 0 0 0 0 0 0
##$SHL_EXPANDCF7= (0..143)
0 0 0 0 0 0 0 0 0 0 0 0 0 0 0 0 0 0 0 0 0 0 0 0 0 0 0 0 0 0 0 0 0 0 0 0
0 0 0 0 0 0 0 0 0 0 0 0 0 0 0 0 0 0 0 0 0 0 0 0 0 0 0 0 0 0 0 0 0 0 0 0
0 0 0 0 0 0 0 0 0 0 0 0 0 0 0 0 0 0 0 0 0 0 0 0 0 0 0 0 0 0 0 0 0 0 0 0
0 0 0 0 0 0 0 0 0 0 0 0 0 0 0 0 0 0 0 0 0 0 0 0 0 0 0 0 0 0 0 0 0 0 0 0
##$SHL_EXPANDCF8= (0..143)
0 0 0 0 0 0 0 0 0 0 0 0 0 0 0 0 0 0 0 0 0 0 0 0 0 0 0 0 0 0 0 0 0 0 0 0
0 0 0 0 0 0 0 0 0 0 0 0 0 0 0 0 0 0 0 0 0 0 0 0 0 0 0 0 0 0 0 0 0 0 0 0
0 0 0 0 0 0 0 0 0 0 0 0 0 0 0 0 0 0 0 0 0 0 0 0 0 0 0 0 0 0 0 0 0 0 0 0
0 0 0 0 0 0 0 0 0 0 0 0 0 0 0 0 0 0 0 0 0 0 0 0 0 0 0 0 0 0 0 0 0 0 0 0
##$SHL_EXPANDCF9= (0..143)
0 0 0 0 0 0 0 0 0 0 0 0 0 0 0 0 0 0 0 0 0 0 0 0 0 0 0 0 0 0 0 0 0 0 0 0
0 0 0 0 0 0 0 0 0 0 0 0 0 0 0 0 0 0 0 0 0 0 0 0 0 0 0 0 0 0 0 0 0 0 0 0
0 0 0 0 0 0 0 0 0 0 0 0 0 0 0 0 0 0 0 0 0 0 0 0 0 0 0 0 0 0 0 0 0 0 0 0
0 0 0 0 0 0 0 0 0 0 0 0 0 0 0 0 0 0 0 0 0 0 0 0 0 0 0 0 0 0 0 0 0 0 0 0
##$SHL_EXPFAC= (0..15)
0 0 0 0 0 0 0 0 0 0 0 0 0 0 0 0
##$SHL_FRACEND= (0..15)
0 0 0 0 0 0 0 0 0 0 0 0 0 0 0 0
##$SHL_FRACORG= (0..15)
0 0 0 0 0 0 0 0 0 0 0 0 0 0 0 0
##$SHL_FRACSTART= (0..15)
0 0 0 0 0 0 0 0 0 0 0 0 0 0 0 0
##$SHL_FULLHALF= (0..15)
0 0 0 0 0 0 0 0 0 0 0 0 0 0 0 0
##$SHL_FUNCAMP= (0..15)
0 0 0 0 0 0 0 0 0 0 0 0 0 0 0 0
##$SHL_FUNCTION= (0..15)
<Seduce1> <> <> <> <> <> <> <> <> <> <> <> <> <> <> <>
##$SHL_GCO= (0..15)
<> <> <> <> <> <> <> <> <> <> <> <> <> <> <> <>
##$SHL_GCOCOEFFS0= (0..59)
0 0 0 0 0 0 0 0 0 0 0 0 0 0 0 0 0 0 0 0 0 0 0 0 0 0 0 0 0 0 0 0 0 0 0 0
0 0 0 0 0 0 0 0 0 0 0 0 0 0 0 0 0 0 0 0 0 0 0 0
##$SHL_GCOCOEFFS1= (0..59)
0 0 0 0 0 0 0 0 0 0 0 0 0 0 0 0 0 0 0 0 0 0 0 0 0 0 0 0 0 0 0 0 0 0 0 0
0 0 0 0 0 0 0 0 0 0 0 0 0 0 0 0 0 0 0 0 0 0 0 0
##$SHL_GCOCOEFFS10= (0..59)
0 0 0 0 0 0 0 0 0 0 0 0 0 0 0 0 0 0 0 0 0 0 0 0 0 0 0 0 0 0 0 0 0 0 0 0
0 0 0 0 0 0 0 0 0 0 0 0 0 0 0 0 0 0 0 0 0 0 0 0
##$SHL_GCOCOEFFS11= (0..59)
0 0 0 0 0 0 0 0 0 0 0 0 0 0 0 0 0 0 0 0 0 0 0 0 0 0 0 0 0 0 0 0 0 0 0 0
0 0 0 0 0 0 0 0 0 0 0 0 0 0 0 0 0 0 0 0 0 0 0 0
##$SHL_GCOCOEFFS12= (0..59)
0 0 0 0 0 0 0 0 0 0 0 0 0 0 0 0 0 0 0 0 0 0 0 0 0 0 0 0 0 0 0 0 0 0 0 0
0 0 0 0 0 0 0 0 0 0 0 0 0 0 0 0 0 0 0 0 0 0 0 0
##$SHL_GCOCOEFFS13= (0..59)
0 0 0 0 0 0 0 0 0 0 0 0 0 0 0 0 0 0 0 0 0 0 0 0 0 0 0 0 0 0 0 0 0 0 0 0
0 0 0 0 0 0 0 0 0 0 0 0 0 0 0 0 0 0 0 0 0 0 0 0
##$SHL_GCOCOEFFS14= (0..59)
0 0 0 0 0 0 0 0 0 0 0 0 0 0 0 0 0 0 0 0 0 0 0 0 0 0 0 0 0 0 0 0 0 0 0 0
0 0 0 0 0 0 0 0 0 0 0 0 0 0 0 0 0 0 0 0 0 0 0 0
##$SHL_GCOCOEFFS15= (0..59)
0 0 0 0 0 0 0 0 0 0 0 0 0 0 0 0 0 0 0 0 0 0 0 0 0 0 0 0 0 0 0 0 0 0 0 0
0 0 0 0 0 0 0 0 0 0 0 0 0 0 0 0 0 0 0 0 0 0 0 0
##$SHL_GCOCOEFFS2= (0..59)
0 0 0 0 0 0 0 0 0 0 0 0 0 0 0 0 0 0 0 0 0 0 0 0 0 0 0 0 0 0 0 0 0 0 0 0
0 0 0 0 0 0 0 0 0 0 0 0 0 0 0 0 0 0 0 0 0 0 0 0
##$SHL_GCOCOEFFS3= (0..59)
0 0 0 0 0 0 0 0 0 0 0 0 0 0 0 0 0 0 0 0 0 0 0 0 0 0 0 0 0 0 0 0 0 0 0 0
0 0 0 0 0 0 0 0 0 0 0 0 0 0 0 0 0 0 0 0 0 0 0 0
##$SHL_GCOCOEFFS4= (0..59)
0 0 0 0 0 0 0 0 0 0 0 0 0 0 0 0 0 0 0 0 0 0 0 0 0 0 0 0 0 0 0 0 0 0 0 0
0 0 0 0 0 0 0 0 0 0 0 0 0 0 0 0 0 0 0 0 0 0 0 0
##$SHL_GCOCOEFFS5= (0..59)
0 0 0 0 0 0 0 0 0 0 0 0 0 0 0 0 0 0 0 0 0 0 0 0 0 0 0 0 0 0 0 0 0 0 0 0
0 0 0 0 0 0 0 0 0 0 0 0 0 0 0 0 0 0 0 0 0 0 0 0
##$SHL_GCOCOEFFS6= (0..59)
0 0 0 0 0 0 0 0 0 0 0 0 0 0 0 0 0 0 0 0 0 0 0 0 0 0 0 0 0 0 0 0 0 0 0 0
0 0 0 0 0 0 0 0 0 0 0 0 0 0 0 0 0 0 0 0 0 0 0 0
##$SHL_GCOCOEFFS7= (0..59)
0 0 0 0 0 0 0 0 0 0 0 0 0 0 0 0 0 0 0 0 0 0 0 0 0 0 0 0 0 0 0 0 0 0 0 0
0 0 0 0 0 0 0 0 0 0 0 0 0 0 0 0 0 0 0 0 0 0 0 0
##$SHL_GCOCOEFFS8= (0..59)
0 0 0 0 0 0 0 0 0 0 0 0 0 0 0 0 0 0 0 0 0 0 0 0 0 0 0 0 0 0 0 0 0 0 0 0
0 0 0 0 0 0 0 0 0 0 0 0 0 0 0 0 0 0 0 0 0 0 0 0
##$SHL_GCOCOEFFS9= (0..59)
0 0 0 0 0 0 0 0 0 0 0 0 0 0 0 0 0 0 0 0 0 0 0 0 0 0 0 0 0 0 0 0 0 0 0 0
0 0 0 0 0 0 0 0 0 0 0 0 0 0 0 0 0 0 0 0 0 0 0 0
##$SHL_INTEGFAC= (0..15)
0 0 0 0 0 0 0 0 0 0 0 0 0 0 0 0
##$SHL_LB= (0..15)
0 0 0 0 0 0 0 0 0 0 0 0 0 0 0 0
##$SHL_LEFTLIMIT= (0..15)
0 0 0 0 0 0 0 0 0 0 0 0 0 0 0 0
##$SHL_LENGTH= (0..15)
15000 0 0 0 0 0 0 0 0 0 0 0 0 0 0 0
##$SHL_MAN= (0..15)
<M> <> <> <> <> <> <> <> <> <> <> <> <> <> <> <>
##$SHL_MEANAMP= (0..15)
0 0 0 0 0 0 0 0 0 0 0 0 0 0 0 0
##$SHL_MODAMP= (0..15)
0 0 0 0 0 0 0 0 0 0 0 0 0 0 0 0
##$SHL_MODE= (0..15)
3 0 0 0 0 0 0 0 0 0 0 0 0 0 0 0
##$SHL_MODFREQ= (0..15)
0 0 0 0 0 0 0 0 0 0 0 0 0 0 0 0
##$SHL_MODPHASE= (0..15)
0 0 0 0 0 0 0 0 0 0 0 0 0 0 0 0
##$SHL_MODSCALE= (0..15)
0 0 0 0 0 0 0 0 0 0 0 0 0 0 0 0
##$SHL_MODSW= (0..15)
0 0 0 0 0 0 0 0 0 0 0 0 0 0 0 0
##$SHL_MODSWDIR= (0..15)
-1 -1 -1 -1 -1 -1 -1 -1 -1 -1 -1 -1 -1 -1 -1 -1
##$SHL_MU= (0..15)
0 0 0 0 0 0 0 0 0 0 0 0 0 0 0 0
##$SHL_NPOINTS= (0..15)
1000 0 0 0 0 0 0 0 0 0 0 0 0 0 0 0
##$SHL_OFFS= (0..15)
<0 3> <> <> <> <> <> <> <> <> <> <> <> <> <> <> <>
##$SHL_OFFSCOEFF0= (0..95)
-1840.07 0 100 -624.12 0 100 239.72 0 100 0 0 0 0 0 0 0 0 0 0 0 0 0 0 0
0 0 0 0 0 0 0 0 0 0 0 0 0 0 0 0 0 0 0 0 0 0 0 0 0 0 0 0 0 0 0 0 0 0 0 0
0 0 0 0 0 0 0 0 0 0 0 0 0 0 0 0 0 0 0 0 0 0 0 0 0 0 0 0 0 0 0 0 0 0 0 0
##$SHL_OFFSCOEFF1= (0..95)
0 0 0 0 0 0 0 0 0 0 0 0 0 0 0 0 0 0 0 0 0 0 0 0 0 0 0 0 0 0 0 0 0 0 0 0
0 0 0 0 0 0 0 0 0 0 0 0 0 0 0 0 0 0 0 0 0 0 0 0 0 0 0 0 0 0 0 0 0 0 0 0
0 0 0 0 0 0 0 0 0 0 0 0 0 0 0 0 0 0 0 0 0 0 0 0
##$SHL_OFFSCOEFF10= (0..95)
0 0 0 0 0 0 0 0 0 0 0 0 0 0 0 0 0 0 0 0 0 0 0 0 0 0 0 0 0 0 0 0 0 0 0 0
0 0 0 0 0 0 0 0 0 0 0 0 0 0 0 0 0 0 0 0 0 0 0 0 0 0 0 0 0 0 0 0 0 0 0 0
0 0 0 0 0 0 0 0 0 0 0 0 0 0 0 0 0 0 0 0 0 0 0 0
##$SHL_OFFSCOEFF11= (0..95)
0 0 0 0 0 0 0 0 0 0 0 0 0 0 0 0 0 0 0 0 0 0 0 0 0 0 0 0 0 0 0 0 0 0 0 0
0 0 0 0 0 0 0 0 0 0 0 0 0 0 0 0 0 0 0 0 0 0 0 0 0 0 0 0 0 0 0 0 0 0 0 0
0 0 0 0 0 0 0 0 0 0 0 0 0 0 0 0 0 0 0 0 0 0 0 0
##$SHL_OFFSCOEFF12= (0..95)
0 0 0 0 0 0 0 0 0 0 0 0 0 0 0 0 0 0 0 0 0 0 0 0 0 0 0 0 0 0 0 0 0 0 0 0
0 0 0 0 0 0 0 0 0 0 0 0 0 0 0 0 0 0 0 0 0 0 0 0 0 0 0 0 0 0 0 0 0 0 0 0
0 0 0 0 0 0 0 0 0 0 0 0 0 0 0 0 0 0 0 0 0 0 0 0
##$SHL_OFFSCOEFF13= (0..95)
0 0 0 0 0 0 0 0 0 0 0 0 0 0 0 0 0 0 0 0 0 0 0 0 0 0 0 0 0 0 0 0 0 0 0 0
0 0 0 0 0 0 0 0 0 0 0 0 0 0 0 0 0 0 0 0 0 0 0 0 0 0 0 0 0 0 0 0 0 0 0 0
0 0 0 0 0 0 0 0 0 0 0 0 0 0 0 0 0 0 0 0 0 0 0 0
##$SHL_OFFSCOEFF14= (0..95)
0 0 0 0 0 0 0 0 0 0 0 0 0 0 0 0 0 0 0 0 0 0 0 0 0 0 0 0 0 0 0 0 0 0 0 0
0 0 0 0 0 0 0 0 0 0 0 0 0 0 0 0 0 0 0 0 0 0 0 0 0 0 0 0 0 0 0 0 0 0 0 0
0 0 0 0 0 0 0 0 0 0 0 0 0 0 0 0 0 0 0 0 0 0 0 0
##$SHL_OFFSCOEFF15= (0..95)
0 0 0 0 0 0 0 0 0 0 0 0 0 0 0 0 0 0 0 0 0 0 0 0 0 0 0 0 0 0 0 0 0 0 0 0
0 0 0 0 0 0 0 0 0 0 0 0 0 0 0 0 0 0 0 0 0 0 0 0 0 0 0 0 0 0 0 0 0 0 0 0
0 0 0 0 0 0 0 0 0 0 0 0 0 0 0 0 0 0 0 0 0 0 0 0
##$SHL_OFFSCOEFF2= (0..95)
0 0 0 0 0 0 0 0 0 0 0 0 0 0 0 0 0 0 0 0 0 0 0 0 0 0 0 0 0 0 0 0 0 0 0 0
0 0 0 0 0 0 0 0 0 0 0 0 0 0 0 0 0 0 0 0 0 0 0 0 0 0 0 0 0 0 0 0 0 0 0 0
0 0 0 0 0 0 0 0 0 0 0 0 0 0 0 0 0 0 0 0 0 0 0 0
##$SHL_OFFSCOEFF3= (0..95)
0 0 0 0 0 0 0 0 0 0 0 0 0 0 0 0 0 0 0 0 0 0 0 0 0 0 0 0 0 0 0 0 0 0 0 0
0 0 0 0 0 0 0 0 0 0 0 0 0 0 0 0 0 0 0 0 0 0 0 0 0 0 0 0 0 0 0 0 0 0 0 0
0 0 0 0 0 0 0 0 0 0 0 0 0 0 0 0 0 0 0 0 0 0 0 0
##$SHL_OFFSCOEFF4= (0..95)
0 0 0 0 0 0 0 0 0 0 0 0 0 0 0 0 0 0 0 0 0 0 0 0 0 0 0 0 0 0 0 0 0 0 0 0
0 0 0 0 0 0 0 0 0 0 0 0 0 0 0 0 0 0 0 0 0 0 0 0 0 0 0 0 0 0 0 0 0 0 0 0
0 0 0 0 0 0 0 0 0 0 0 0 0 0 0 0 0 0 0 0 0 0 0 0
##$SHL_OFFSCOEFF5= (0..95)
0 0 0 0 0 0 0 0 0 0 0 0 0 0 0 0 0 0 0 0 0 0 0 0 0 0 0 0 0 0 0 0 0 0 0 0
0 0 0 0 0 0 0 0 0 0 0 0 0 0 0 0 0 0 0 0 0 0 0 0 0 0 0 0 0 0 0 0 0 0 0 0
0 0 0 0 0 0 0 0 0 0 0 0 0 0 0 0 0 0 0 0 0 0 0 0
##$SHL_OFFSCOEFF6= (0..95)
0 0 0 0 0 0 0 0 0 0 0 0 0 0 0 0 0 0 0 0 0 0 0 0 0 0 0 0 0 0 0 0 0 0 0 0
0 0 0 0 0 0 0 0 0 0 0 0 0 0 0 0 0 0 0 0 0 0 0 0 0 0 0 0 0 0 0 0 0 0 0 0
0 0 0 0 0 0 0 0 0 0 0 0 0 0 0 0 0 0 0 0 0 0 0 0
##$SHL_OFFSCOEFF7= (0..95)
0 0 0 0 0 0 0 0 0 0 0 0 0 0 0 0 0 0 0 0 0 0 0 0 0 0 0 0 0 0 0 0 0 0 0 0
0 0 0 0 0 0 0 0 0 0 0 0 0 0 0 0 0 0 0 0 0 0 0 0 0 0 0 0 0 0 0 0 0 0 0 0
0 0 0 0 0 0 0 0 0 0 0 0 0 0 0 0 0 0 0 0 0 0 0 0
##$SHL_OFFSCOEFF8= (0..95)
0 0 0 0 0 0 0 0 0 0 0 0 0 0 0 0 0 0 0 0 0 0 0 0 0 0 0 0 0 0 0 0 0 0 0 0
0 0 0 0 0 0 0 0 0 0 0 0 0 0 0 0 0 0 0 0 0 0 0 0 0 0 0 0 0 0 0 0 0 0 0 0
0 0 0 0 0 0 0 0 0 0 0 0 0 0 0 0 0 0 0 0 0 0 0 0
##$SHL_OFFSCOEFF9= (0..95)
0 0 0 0 0 0 0 0 0 0 0 0 0 0 0 0 0 0 0 0 0 0 0 0 0 0 0 0 0 0 0 0 0 0 0 0
0 0 0 0 0 0 0 0 0 0 0 0 0 0 0 0 0 0 0 0 0 0 0 0 0 0 0 0 0 0 0 0 0 0 0 0
0 0 0 0 0 0 0 0 0 0 0 0 0 0 0 0 0 0 0 0 0 0 0 0
##$SHL_PHASE= (0..15)
0 0 0 0 0 0 0 0 0 0 0 0 0 0 0 0
##$SHL_PHASEFAC= (0..15)
0 0 0 0 0 0 0 0 0 0 0 0 0 0 0 0
##$SHL_POWERINDEX= (0..15)
0 0 0 0 0 0 0 0 0 0 0 0 0 0 0 0
##$SHL_QUADCOEFF= (0..15)
0 0 0 0 0 0 0 0 0 0 0 0 0 0 0 0
##$SHL_RIGHTLIMIT= (0..15)
0 0 0 0 0 0 0 0 0 0 0 0 0 0 0 0
##$SHL_SCALEFACTOR= (0..15)
1 1 1 1 1 1 1 1 1 1 1 1 1 1 1 1
##$SHL_SF= (0..15)
<> <> <> <> <> <> <> <> <> <> <> <> <> <> <> <>
##$SHL_SFCOEFFS0= (0..200)
0 0 0 0 0 0 0 0 0 0 0 0 0 0 0 0 0 0 0 0 0 0 0 0 0 0 0 0 0 0 0 0 0 0 0 0
0 0 0 0 0 0 0 0 0 0 0 0 0 0 0 0 0 0 0 0 0 0 0 0 0 0 0 0 0 0 0 0 0 0 0 0
0 0 0 0 0 0 0 0 0 0 0 0 0 0 0 0 0 0 0 0 0 0 0 0 0 0 0 0 0 0 0 0 0 0 0 0
0 0 0 0 0 0 0 0 0 0 0 0 0 0 0 0 0 0 0 0 0 0 0 0 0 0 0 0 0 0 0 0 0 0 0 0
0 0 0 0 0 0 0 0 0 0 0 0 0 0 0 0 0 0 0 0 0 0 0 0 0 0 0 0 0 0 0 0 0 0 0 0
0 0 0 0 0 0 0 0 0 0 0 0 0 0 0 0 0 0 0 0 0
##$SHL_SFCOEFFS1= (0..200)
0 0 0 0 0 0 0 0 0 0 0 0 0 0 0 0 0 0 0 0 0 0 0 0 0 0 0 0 0 0 0 0 0 0 0 0
0 0 0 0 0 0 0 0 0 0 0 0 0 0 0 0 0 0 0 0 0 0 0 0 0 0 0 0 0 0 0 0 0 0 0 0
0 0 0 0 0 0 0 0 0 0 0 0 0 0 0 0 0 0 0 0 0 0 0 0 0 0 0 0 0 0 0 0 0 0 0 0
0 0 0 0 0 0 0 0 0 0 0 0 0 0 0 0 0 0 0 0 0 0 0 0 0 0 0 0 0 0 0 0 0 0 0 0
0 0 0 0 0 0 0 0 0 0 0 0 0 0 0 0 0 0 0 0 0 0 0 0 0 0 0 0 0 0 0 0 0 0 0 0
0 0 0 0 0 0 0 0 0 0 0 0 0 0 0 0 0 0 0 0 0
##$SHL_SFCOEFFS10= (0..200)
0 0 0 0 0 0 0 0 0 0 0 0 0 0 0 0 0 0 0 0 0 0 0 0 0 0 0 0 0 0 0 0 0 0 0 0
0 0 0 0 0 0 0 0 0 0 0 0 0 0 0 0 0 0 0 0 0 0 0 0 0 0 0 0 0 0 0 0 0 0 0 0
0 0 0 0 0 0 0 0 0 0 0 0 0 0 0 0 0 0 0 0 0 0 0 0 0 0 0 0 0 0 0 0 0 0 0 0
0 0 0 0 0 0 0 0 0 0 0 0 0 0 0 0 0 0 0 0 0 0 0 0 0 0 0 0 0 0 0 0 0 0 0 0
0 0 0 0 0 0 0 0 0 0 0 0 0 0 0 0 0 0 0 0 0 0 0 0 0 0 0 0 0 0 0 0 0 0 0 0
0 0 0 0 0 0 0 0 0 0 0 0 0 0 0 0 0 0 0 0 0
##$SHL_SFCOEFFS11= (0..200)
0 0 0 0 0 0 0 0 0 0 0 0 0 0 0 0 0 0 0 0 0 0 0 0 0 0 0 0 0 0 0 0 0 0 0 0
0 0 0 0 0 0 0 0 0 0 0 0 0 0 0 0 0 0 0 0 0 0 0 0 0 0 0 0 0 0 0 0 0 0 0 0
0 0 0 0 0 0 0 0 0 0 0 0 0 0 0 0 0 0 0 0 0 0 0 0 0 0 0 0 0 0 0 0 0 0 0 0
0 0 0 0 0 0 0 0 0 0 0 0 0 0 0 0 0 0 0 0 0 0 0 0 0 0 0 0 0 0 0 0 0 0 0 0
0 0 0 0 0 0 0 0 0 0 0 0 0 0 0 0 0 0 0 0 0 0 0 0 0 0 0 0 0 0 0 0 0 0 0 0
0 0 0 0 0 0 0 0 0 0 0 0 0 0 0 0 0 0 0 0 0
##$SHL_SFCOEFFS12= (0..200)
0 0 0 0 0 0 0 0 0 0 0 0 0 0 0 0 0 0 0 0 0 0 0 0 0 0 0 0 0 0 0 0 0 0 0 0
0 0 0 0 0 0 0 0 0 0 0 0 0 0 0 0 0 0 0 0 0 0 0 0 0 0 0 0 0 0 0 0 0 0 0 0
0 0 0 0 0 0 0 0 0 0 0 0 0 0 0 0 0 0 0 0 0 0 0 0 0 0 0 0 0 0 0 0 0 0 0 0
0 0 0 0 0 0 0 0 0 0 0 0 0 0 0 0 0 0 0 0 0 0 0 0 0 0 0 0 0 0 0 0 0 0 0 0
0 0 0 0 0 0 0 0 0 0 0 0 0 0 0 0 0 0 0 0 0 0 0 0 0 0 0 0 0 0 0 0 0 0 0 0
0 0 0 0 0 0 0 0 0 0 0 0 0 0 0 0 0 0 0 0 0
##$SHL_SFCOEFFS13= (0..200)
0 0 0 0 0 0 0 0 0 0 0 0 0 0 0 0 0 0 0 0 0 0 0 0 0 0 0 0 0 0 0 0 0 0 0 0
0 0 0 0 0 0 0 0 0 0 0 0 0 0 0 0 0 0 0 0 0 0 0 0 0 0 0 0 0 0 0 0 0 0 0 0
0 0 0 0 0 0 0 0 0 0 0 0 0 0 0 0 0 0 0 0 0 0 0 0 0 0 0 0 0 0 0 0 0 0 0 0
0 0 0 0 0 0 0 0 0 0 0 0 0 0 0 0 0 0 0 0 0 0 0 0 0 0 0 0 0 0 0 0 0 0 0 0
0 0 0 0 0 0 0 0 0 0 0 0 0 0 0 0 0 0 0 0 0 0 0 0 0 0 0 0 0 0 0 0 0 0 0 0
0 0 0 0 0 0 0 0 0 0 0 0 0 0 0 0 0 0 0 0 0
##$SHL_SFCOEFFS14= (0..200)
0 0 0 0 0 0 0 0 0 0 0 0 0 0 0 0 0 0 0 0 0 0 0 0 0 0 0 0 0 0 0 0 0 0 0 0
0 0 0 0 0 0 0 0 0 0 0 0 0 0 0 0 0 0 0 0 0 0 0 0 0 0 0 0 0 0 0 0 0 0 0 0
0 0 0 0 0 0 0 0 0 0 0 0 0 0 0 0 0 0 0 0 0 0 0 0 0 0 0 0 0 0 0 0 0 0 0 0
0 0 0 0 0 0 0 0 0 0 0 0 0 0 0 0 0 0 0 0 0 0 0 0 0 0 0 0 0 0 0 0 0 0 0 0
0 0 0 0 0 0 0 0 0 0 0 0 0 0 0 0 0 0 0 0 0 0 0 0 0 0 0 0 0 0 0 0 0 0 0 0
0 0 0 0 0 0 0 0 0 0 0 0 0 0 0 0 0 0 0 0 0
##$SHL_SFCOEFFS15= (0..200)
0 0 0 0 0 0 0 0 0 0 0 0 0 0 0 0 0 0 0 0 0 0 0 0 0 0 0 0 0 0 0 0 0 0 0 0
0 0 0 0 0 0 0 0 0 0 0 0 0 0 0 0 0 0 0 0 0 0 0 0 0 0 0 0 0 0 0 0 0 0 0 0
0 0 0 0 0 0 0 0 0 0 0 0 0 0 0 0 0 0 0 0 0 0 0 0 0 0 0 0 0 0 0 0 0 0 0 0
0 0 0 0 0 0 0 0 0 0 0 0 0 0 0 0 0 0 0 0 0 0 0 0 0 0 0 0 0 0 0 0 0 0 0 0
0 0 0 0 0 0 0 0 0 0 0 0 0 0 0 0 0 0 0 0 0 0 0 0 0 0 0 0 0 0 0 0 0 0 0 0
0 0 0 0 0 0 0 0 0 0 0 0 0 0 0 0 0 0 0 0 0
##$SHL_SFCOEFFS2= (0..200)
0 0 0 0 0 0 0 0 0 0 0 0 0 0 0 0 0 0 0 0 0 0 0 0 0 0 0 0 0 0 0 0 0 0 0 0
0 0 0 0 0 0 0 0 0 0 0 0 0 0 0 0 0 0 0 0 0 0 0 0 0 0 0 0 0 0 0 0 0 0 0 0
0 0 0 0 0 0 0 0 0 0 0 0 0 0 0 0 0 0 0 0 0 0 0 0 0 0 0 0 0 0 0 0 0 0 0 0
0 0 0 0 0 0 0 0 0 0 0 0 0 0 0 0 0 0 0 0 0 0 0 0 0 0 0 0 0 0 0 0 0 0 0 0
0 0 0 0 0 0 0 0 0 0 0 0 0 0 0 0 0 0 0 0 0 0 0 0 0 0 0 0 0 0 0 0 0 0 0 0
0 0 0 0 0 0 0 0 0 0 0 0 0 0 0 0 0 0 0 0 0
##$SHL_SFCOEFFS3= (0..200)
0 0 0 0 0 0 0 0 0 0 0 0 0 0 0 0 0 0 0 0 0 0 0 0 0 0 0 0 0 0 0 0 0 0 0 0
0 0 0 0 0 0 0 0 0 0 0 0 0 0 0 0 0 0 0 0 0 0 0 0 0 0 0 0 0 0 0 0 0 0 0 0
0 0 0 0 0 0 0 0 0 0 0 0 0 0 0 0 0 0 0 0 0 0 0 0 0 0 0 0 0 0 0 0 0 0 0 0
0 0 0 0 0 0 0 0 0 0 0 0 0 0 0 0 0 0 0 0 0 0 0 0 0 0 0 0 0 0 0 0 0 0 0 0
0 0 0 0 0 0 0 0 0 0 0 0 0 0 0 0 0 0 0 0 0 0 0 0 0 0 0 0 0 0 0 0 0 0 0 0
0 0 0 0 0 0 0 0 0 0 0 0 0 0 0 0 0 0 0 0 0
##$SHL_SFCOEFFS4= (0..200)
0 0 0 0 0 0 0 0 0 0 0 0 0 0 0 0 0 0 0 0 0 0 0 0 0 0 0 0 0 0 0 0 0 0 0 0
0 0 0 0 0 0 0 0 0 0 0 0 0 0 0 0 0 0 0 0 0 0 0 0 0 0 0 0 0 0 0 0 0 0 0 0
0 0 0 0 0 0 0 0 0 0 0 0 0 0 0 0 0 0 0 0 0 0 0 0 0 0 0 0 0 0 0 0 0 0 0 0
0 0 0 0 0 0 0 0 0 0 0 0 0 0 0 0 0 0 0 0 0 0 0 0 0 0 0 0 0 0 0 0 0 0 0 0
0 0 0 0 0 0 0 0 0 0 0 0 0 0 0 0 0 0 0 0 0 0 0 0 0 0 0 0 0 0 0 0 0 0 0 0
0 0 0 0 0 0 0 0 0 0 0 0 0 0 0 0 0 0 0 0 0
##$SHL_SFCOEFFS5= (0..200)
0 0 0 0 0 0 0 0 0 0 0 0 0 0 0 0 0 0 0 0 0 0 0 0 0 0 0 0 0 0 0 0 0 0 0 0
0 0 0 0 0 0 0 0 0 0 0 0 0 0 0 0 0 0 0 0 0 0 0 0 0 0 0 0 0 0 0 0 0 0 0 0
0 0 0 0 0 0 0 0 0 0 0 0 0 0 0 0 0 0 0 0 0 0 0 0 0 0 0 0 0 0 0 0 0 0 0 0
0 0 0 0 0 0 0 0 0 0 0 0 0 0 0 0 0 0 0 0 0 0 0 0 0 0 0 0 0 0 0 0 0 0 0 0
0 0 0 0 0 0 0 0 0 0 0 0 0 0 0 0 0 0 0 0 0 0 0 0 0 0 0 0 0 0 0 0 0 0 0 0
0 0 0 0 0 0 0 0 0 0 0 0 0 0 0 0 0 0 0 0 0
##$SHL_SFCOEFFS6= (0..200)
0 0 0 0 0 0 0 0 0 0 0 0 0 0 0 0 0 0 0 0 0 0 0 0 0 0 0 0 0 0 0 0 0 0 0 0
0 0 0 0 0 0 0 0 0 0 0 0 0 0 0 0 0 0 0 0 0 0 0 0 0 0 0 0 0 0 0 0 0 0 0 0
0 0 0 0 0 0 0 0 0 0 0 0 0 0 0 0 0 0 0 0 0 0 0 0 0 0 0 0 0 0 0 0 0 0 0 0
0 0 0 0 0 0 0 0 0 0 0 0 0 0 0 0 0 0 0 0 0 0 0 0 0 0 0 0 0 0 0 0 0 0 0 0
0 0 0 0 0 0 0 0 0 0 0 0 0 0 0 0 0 0 0 0 0 0 0 0 0 0 0 0 0 0 0 0 0 0 0 0
0 0 0 0 0 0 0 0 0 0 0 0 0 0 0 0 0 0 0 0 0
##$SHL_SFCOEFFS7= (0..200)
0 0 0 0 0 0 0 0 0 0 0 0 0 0 0 0 0 0 0 0 0 0 0 0 0 0 0 0 0 0 0 0 0 0 0 0
0 0 0 0 0 0 0 0 0 0 0 0 0 0 0 0 0 0 0 0 0 0 0 0 0 0 0 0 0 0 0 0 0 0 0 0
0 0 0 0 0 0 0 0 0 0 0 0 0 0 0 0 0 0 0 0 0 0 0 0 0 0 0 0 0 0 0 0 0 0 0 0
0 0 0 0 0 0 0 0 0 0 0 0 0 0 0 0 0 0 0 0 0 0 0 0 0 0 0 0 0 0 0 0 0 0 0 0
0 0 0 0 0 0 0 0 0 0 0 0 0 0 0 0 0 0 0 0 0 0 0 0 0 0 0 0 0 0 0 0 0 0 0 0
0 0 0 0 0 0 0 0 0 0 0 0 0 0 0 0 0 0 0 0 0
##$SHL_SFCOEFFS8= (0..200)
0 0 0 0 0 0 0 0 0 0 0 0 0 0 0 0 0 0 0 0 0 0 0 0 0 0 0 0 0 0 0 0 0 0 0 0
0 0 0 0 0 0 0 0 0 0 0 0 0 0 0 0 0 0 0 0 0 0 0 0 0 0 0 0 0 0 0 0 0 0 0 0
0 0 0 0 0 0 0 0 0 0 0 0 0 0 0 0 0 0 0 0 0 0 0 0 0 0 0 0 0 0 0 0 0 0 0 0
0 0 0 0 0 0 0 0 0 0 0 0 0 0 0 0 0 0 0 0 0 0 0 0 0 0 0 0 0 0 0 0 0 0 0 0
0 0 0 0 0 0 0 0 0 0 0 0 0 0 0 0 0 0 0 0 0 0 0 0 0 0 0 0 0 0 0 0 0 0 0 0
0 0 0 0 0 0 0 0 0 0 0 0 0 0 0 0 0 0 0 0 0
##$SHL_SFCOEFFS9= (0..200)
0 0 0 0 0 0 0 0 0 0 0 0 0 0 0 0 0 0 0 0 0 0 0 0 0 0 0 0 0 0 0 0 0 0 0 0
0 0 0 0 0 0 0 0 0 0 0 0 0 0 0 0 0 0 0 0 0 0 0 0 0 0 0 0 0 0 0 0 0 0 0 0
0 0 0 0 0 0 0 0 0 0 0 0 0 0 0 0 0 0 0 0 0 0 0 0 0 0 0 0 0 0 0 0 0 0 0 0
0 0 0 0 0 0 0 0 0 0 0 0 0 0 0 0 0 0 0 0 0 0 0 0 0 0 0 0 0 0 0 0 0 0 0 0
0 0 0 0 0 0 0 0 0 0 0 0 0 0 0 0 0 0 0 0 0 0 0 0 0 0 0 0 0 0 0 0 0 0 0 0
0 0 0 0 0 0 0 0 0 0 0 0 0 0 0 0 0 0 0 0 0
##$SHL_SMOOTHED= (0..15)
0 0 0 0 0 0 0 0 0 0 0 0 0 0 0 0
##$SHL_SMOOTHING= (0..15)
0 0 0 0 0 0 0 0 0 0 0 0 0 0 0 0
##$SHL_SPOAL= (0..15)
0 0 0 0 0 0 0 0 0 0 0 0 0 0 0 0
##$SHL_SPOFFS= (0..15)
0 0 0 0 0 0 0 0 0 0 0 0 0 0 0 0
##$SHL_SPOPH= (0..15)
0 0 0 0 0 0 0 0 0 0 0 0 0 0 0 0
##$SHL_STARTAMP= (0..15)
0 0 0 0 0 0 0 0 0 0 0 0 0 0 0 0
##$SHL_SW= (0..15)
0 0 0 0 0 0 0 0 0 0 0 0 0 0 0 0
##$SHL_SWDIR= (0..15)
-1 -1 -1 -1 -1 -1 -1 -1 -1 -1 -1 -1 -1 -1 -1 -1
##$SHL_TANKAPPA= (0..15)
0 0 0 0 0 0 0 0 0 0 0 0 0 0 0 0
##$SHL_TOTROT= (0..15)
90 0 0 0 0 0 0 0 0 0 0 0 0 0 0 0
##$SHL_TRUNCLEV= (0..15)
0 0 0 0 0 0 0 0 0 0 0 0 0 0 0 0
##$SHL_TYPE= (0..15)
<Excitation> <> <> <> <> <> <> <> <> <> <> <> <> <> <> <>
##$SHL_WINDOWSIZE= (0..15)
0 0 0 0 0 0 0 0 0 0 0 0 0 0 0 0
##$SHL_ZETA= (0..15)
0 0 0 0 0 0 0 0 0 0 0 0 0 0 0 0
##NPOINTS= 1000
##XYPOINTS= (XY..XY)
0.000000, 2.001896
0.000037, 6.002637
0.000150, 9.994069
0.000338, 13.969471
0.000599, 17.921299
0.000926, 21.840731
0.001310, 25.717085
0.001737, 29.537007
0.002192, 33.283299
0.002654, 36.933188
0.003101, 40.455652
0.003511, 43.807153
0.003856, 46.924556
0.004111, 49.712844
0.004250, 52.022718
0.004250, 53.607386
0.004095, 54.034007
0.003782, 52.492258
0.003339, 47.381557
0.002872, 35.674668
0.002659, 14.280656
0.003108, 349.220485
0.004312, 332.341988
0.006075, 324.213070
0.008242, 321.191009
0.010723, 320.957795
0.013458, 322.344663
0.016391, 324.753292
0.019463, 327.861116
0.022609, 331.487161
0.025756, 335.529286
0.028824, 339.933607
0.031725, 344.679454
0.034370, 349.772659
0.036663, 355.244053
0.038516, 1.152077
0.039846, 7.589541
0.040591, 14.695283
0.040726, 22.671691
0.040282, 31.807252
0.039398, 42.494998
0.038376, 55.211265
0.037766, 70.361329
0.038399, 87.869533
0.041245, 106.683393
0.047053, 124.976392
0.056088, 141.258433
0.068216, 155.064653
0.083160, 166.655746
0.100644, 176.511050
0.120425, 185.071316
0.142287, 192.674559
0.166022, 199.564362
0.191413, 205.913206
0.218224, 211.843331
0.246196, 217.442038
0.275039, 222.772224
0.304434, 227.879487
0.334032, 232.796894
0.363451, 237.548190
0.392288, 242.149951
0.420111, 246.613006
0.446473, 250.943334
0.470911, 255.142571
0.492958, 259.208179
0.512147, 263.133326
0.528025, 266.906452
0.540158, 270.510472
0.548152, 273.921549
0.551665, 277.107263
0.550430, 280.023983
0.544282, 282.613119
0.533192, 284.795857
0.517325, 286.465914
0.497110, 287.480086
0.473348, 287.647391
0.447380, 286.721011
0.421294, 284.406106
0.398177, 280.414275
0.382212, 274.612645
0.378283, 267.273058
0.390739, 259.238929
0.421775, 251.687664
0.470795, 245.564948
0.535257, 241.252777
0.611965, 238.678205
0.697874, 237.568988
0.790328, 237.625940
0.887036, 238.592402
0.985975, 240.268244
1.085301, 242.503566
1.183286, 245.187959
1.278282, 248.240736
1.368701, 251.603368
1.453009, 255.234008
1.529733, 259.103678
1.597475, 263.193698
1.654923, 267.494062
1.700881, 272.002548
1.734295, 276.724447
1.754283, 281.672863
1.760183, 286.869610
1.751596, 292.346763
1.728448, 298.149004
1.691073, 304.336929
1.640315, 310.991405
1.577678, 318.218916
1.505518, 326.157023
1.427312, 334.977272
1.347992, 344.878714
1.274276, 356.058066
1.214780, 8.635836
1.179463, 22.529733
1.177890, 37.328921
1.216503, 52.309084
1.296455, 66.672306
1.413677, 79.849165
1.560886, 91.618397
1.729819, 102.025350
1.912560, 111.243192
2.102019, 119.473813
2.291937, 126.900499
2.476753, 133.672945
2.651446, 139.906896
2.811434, 145.688675
2.952506, 151.080359
3.070793, 156.124063
3.162774, 160.844913
3.225312, 165.252658
3.255707, 169.341866
3.251786, 173.090588
3.212023, 176.457123
3.135728, 179.374177
3.023314, 181.739285
2.876728, 183.399710
2.700160, 184.129703
2.501216, 183.599495
2.292882, 181.344995
2.096509, 176.782890
1.945057, 169.405042
1.882265, 159.344727
1.949630, 148.037026
2.164313, 137.757609
2.512696, 130.050148
2.966335, 125.133456
3.497649, 122.522451
4.084936, 121.625542
4.711693, 121.962852
5.364867, 123.189149
6.033486, 125.064545
6.707802, 127.422670
7.378785, 130.146830
8.037850, 133.153849
8.676722, 136.383409
9.287373, 139.791038
9.862025, 143.343448
10.393170, 147.015400
10.873624, 150.787551
11.296582, 154.644968
11.655687, 158.576080
11.945107, 162.571939
12.159603, 166.625697
12.294604, 170.732242
12.346278, 174.887951
12.311598, 179.090551
12.188406, 183.339061
11.975463, 187.633829
11.672498, 191.976670
11.280251, 196.371149
10.800499, 200.823051
10.236081, 205.341154
9.590912, 209.938501
8.869989, 214.634525
8.079403, 219.458747
7.226353, 224.457539
6.319191, 229.707342
5.367566, 235.342774
4.382824, 241.623407
3.379227, 249.118105
2.378436, 259.334259
1.432183, 277.624138
0.796736, 327.298496
1.158095, 31.230431
2.001081, 55.132039
2.892069, 66.961735
3.751819, 75.178490
4.552680, 81.922189
5.277516, 87.944624
5.912702, 93.576556
6.446408, 98.989130
6.868130, 104.283955
7.168593, 109.530361
7.339797, 114.783672
7.375133, 120.096344
7.269550, 125.527227
7.019789, 131.152543
6.624740, 137.083005
6.086074, 143.495615
5.409533, 150.700411
4.607987, 159.297406
3.710033, 170.590998
2.788767, 187.773007
2.066623, 218.211314
2.069491, 262.941497
2.974122, 296.466409
4.352012, 315.203487
5.953857, 327.115891
7.687998, 335.944305
9.510687, 343.194573
11.393066, 349.542468
13.311472, 355.327903
15.244196, 0.738271
17.170286, 5.884500
19.069117, 10.835965
20.920294, 15.637916
22.703687, 20.320788
24.399563, 24.905474
25.988743, 29.406429
27.452786, 33.833571
28.774190, 38.193471
29.936588, 42.490098
30.924952, 46.725274
31.725789, 50.898929
32.327333, 55.009205
32.719731, 59.052432
32.895220, 63.022970
32.848299, 66.912932
32.575890, 70.711731
32.077508, 74.405426
31.355433, 77.975786
30.414895, 81.398943
29.264314, 84.643471
27.915598, 87.667611
26.384582, 90.415201
24.691685, 92.809681
22.862946, 94.745196
20.931706, 96.073479
18.941369, 96.585190
16.949926, 95.986065
15.037055, 93.876264
13.313774, 89.767458
11.930117, 83.231502
11.063893, 74.311941
10.863825, 64.046201
11.361989, 54.292741
12.448176, 46.593253
13.941385, 41.437289
15.669299, 38.562192
17.498501, 37.479486
19.332254, 37.741808
21.100334, 39.008664
22.750403, 41.037429
24.242322, 43.659255
25.544716, 46.757838
26.632975, 50.254074
27.488135, 54.095768
28.096291, 58.251010
28.448356, 62.704144
28.540047, 67.453596
28.372067, 72.511144
27.950464, 77.902412
27.287201, 83.668531
26.401013, 89.868957
25.318648, 96.585402
24.076655, 103.926509
22.723885, 112.031921
21.324783, 121.072102
19.963120, 131.235706
18.744679, 142.689513
17.795064, 155.493670
17.246408, 169.478160
17.208988, 184.155190
17.736605, 198.795547
18.808701, 212.685526
20.343429, 225.371178
22.228965, 236.712969
24.350881, 246.788459
26.606281, 255.770883
28.907590, 263.849623
31.181460, 271.193986
33.366317, 277.942565
35.410023, 284.203936
37.268101, 290.061109
38.902506, 295.576431
40.280847, 300.795797
41.375922, 305.751891
42.165494, 310.466501
42.632229, 314.952017
42.763755, 319.212226
42.552832, 323.242452
41.997636, 327.029017
41.102167, 330.547952
39.876844, 333.762781
38.339384, 336.621073
36.516104, 339.049369
34.443910, 340.945979
32.173356, 342.171281
29.773336, 342.536038
27.338071, 341.791409
24.996618, 339.632948
22.922866, 335.749562
21.337353, 329.970377
20.481566, 322.529145
20.547849, 314.270126
21.594028, 306.430509
23.520426, 300.030772
26.132039, 295.490328
29.218359, 292.734700
32.596762, 291.474379
36.121662, 291.392519
39.679077, 292.218906
43.178603, 293.743713
46.546828, 295.809910
49.722771, 298.301362
52.654922, 301.132218
55.299393, 304.238757
57.618791, 307.573463
59.581543, 311.100823
61.161513, 314.794370
62.337796, 318.634616
63.094609, 322.607631
63.421250, 326.704082
63.312083, 330.918639
62.766539, 335.249663
61.789115, 339.699165
60.389376, 344.273024
58.581958, 348.981507
56.386581, 353.840155
53.828098, 358.871189
50.936604, 4.105639
47.747680, 9.586562
44.302851, 15.373935
40.650437, 21.552167
36.847094, 28.241736
32.960563, 35.617245
29.074542, 43.934816
25.297204, 53.570152
21.775345, 65.056609
18.714136, 79.064510
16.389518, 96.140059
15.104477, 115.966273
15.031732, 136.657804
16.052890, 155.671210
17.825473, 171.656629
19.986740, 184.696036
22.260190, 195.432096
24.457617, 204.498082
26.452373, 212.368041
28.156901, 219.368079
29.508709, 225.716995
30.462326, 231.560346
30.984766, 236.993475
31.052971, 242.075702
30.652391, 246.838162
29.776261, 251.286681
28.425372, 255.399853
26.608336, 259.120758
24.342603, 262.337737
21.656954, 264.842505
18.597599, 266.234907
15.244374, 265.686492
11.760072, 261.294709
8.563348, 248.377211
6.842578, 219.447975
8.202818, 186.466603
11.917546, 169.481149
16.636370, 163.144785
21.802359, 161.534900
27.192815, 162.181867
32.687640, 164.037109
38.202671, 166.601868
43.668664, 169.613337
49.023774, 172.921203
54.210659, 176.433691
59.175385, 180.091703
63.867105, 183.855459
68.238103, 187.697123
72.244002, 191.596530
75.844045, 195.538574
79.001419, 199.511555
81.683562, 203.506087
83.862468, 207.514347
85.514958, 211.529533
86.622916, 215.545453
87.173489, 219.556187
87.159244, 223.555794
86.578276, 227.538015
85.434274, 231.495965
83.736550, 235.421767
81.500015, 239.306102
78.745129, 243.137605
75.497830, 246.902051
71.789442, 250.581187
67.656610, 254.151029
63.141291, 257.579289
58.290874, 260.821380
53.158564, 263.813980
47.804277, 266.464314
42.296525, 268.631581
36.716327, 270.093433
31.165403, 270.483244
25.783903, 269.170781
20.789744, 265.049461
16.561472, 256.303226
13.751086, 241.055328
13.120643, 221.177466
14.718732, 203.975959
17.712929, 193.419967
21.285367, 188.243850
24.961284, 186.442335
28.488387, 186.705220
31.723464, 188.286121
34.577488, 190.760621
36.991262, 193.881295
38.924377, 197.501447
40.350028, 201.535316
41.252583, 205.937114
41.626567, 210.690197
41.476498, 215.802194
40.817376, 221.304157
39.675854, 227.253026
38.092317, 233.737392
36.124313, 240.886885
33.852096, 248.885179
31.387335, 257.984289
28.886018, 268.510101
26.564582, 280.829215
24.710711, 295.213848
23.663427, 311.546009
23.728067, 329.002127
25.045719, 346.189707
27.531922, 1.869676
30.949961, 15.506840
35.028110, 27.176085
39.527210, 37.213468
44.256012, 45.982011
49.064208, 53.784778
53.831611, 60.852176
58.459426, 67.353346
62.864340, 73.411205
66.974795, 79.115105
70.728727, 84.530236
74.072242, 89.704252
76.958878, 94.671881
79.349225, 99.458079
81.210777, 104.080174
82.517916, 108.549292
83.251976, 112.871234
83.401373, 117.046949
82.961761, 121.072634
81.936236, 124.939500
80.335596, 128.633163
78.178683, 132.132606
75.492860, 135.408579
72.314716, 138.421260
68.691130, 141.116898
64.680905, 143.423090
60.357297, 145.242252
55.811939, 146.443039
51.160825, 146.850187
46.553068, 146.235916
42.182506, 144.322908
38.299246, 140.823591
35.210254, 135.558573
33.245274, 128.677542
32.665866, 120.863246
33.548500, 113.218103
35.741032, 106.764528
38.939953, 102.026046
42.808937, 99.033148
47.052618, 97.557791
51.436842, 97.308185
55.782344, 98.020034
59.952080, 99.481853
63.840056, 101.532982
67.363266, 104.053986
70.456288, 106.956843
73.067778, 110.177013
75.158218, 113.667542
76.698475, 117.394872
77.668875, 121.335946
78.058615, 125.476277
77.865388, 129.808766
77.095162, 134.333107
75.762076, 139.055711
73.888447, 143.990133
71.504901, 149.158039
68.650684, 154.590810
65.374212, 160.331930
61.733997, 166.440373
57.800134, 172.995181
53.656595, 180.101321
49.404681, 187.896313
45.167892, 196.555562
41.098106, 206.290401
37.381403, 217.325182
34.238204, 229.829648
31.906276, 243.786577
30.593142, 258.832605
30.403096, 274.224330
31.283494, 289.072551
33.040025, 302.704501
35.408744, 314.840210
38.126984, 325.515105
40.970080, 334.917633
43.759166, 343.270649
46.355794, 350.775500
48.653607, 357.595072
50.571063, 3.853937
52.046059, 9.643902
53.032264, 15.030023
53.496707, 20.055436
53.418288, 24.744562
52.786947, 29.104638
51.603372, 33.125520
49.879232, 36.777482
47.638046, 40.006430
44.916991, 42.725366
41.770243, 44.800171
38.275027, 46.026650
34.542527, 46.095236
30.737408, 44.543611
27.110888, 40.721731
24.046154, 33.883103
22.077369, 23.693483
21.761579, 11.254854
23.349594, 359.261980
26.607717, 350.028834
31.054024, 344.089049
36.242137, 340.879173
41.846626, 339.652456
47.641618, 339.814388
53.465418, 340.950961
59.195656, 342.783391
64.734638, 345.123482
70.001120, 347.842151
74.925732, 350.849045
79.448440, 354.079589
83.517145, 357.486701
87.086926, 1.035427
90.119658, 4.699382
92.583819, 8.458364
94.454417, 12.296705
95.712958, 16.202129
96.347428, 20.164932
96.352263, 24.177398
95.728288, 28.233374
94.482628, 32.327960
92.628562, 36.457280
90.185340, 40.618326
87.177955, 44.808839
83.636851, 49.027254
79.597604, 53.272673
75.100541, 57.544893
70.190330, 61.844498
64.915519, 66.173032
59.328054, 70.533323
53.482758, 74.930048
47.436794, 79.370750
41.249109, 83.867781
34.979885, 88.442245
28.690014, 93.132874
22.440681, 98.018819
16.293325, 103.290882
10.311463, 109.556675
4.579920, 120.333658
1.362203, 252.055790
6.277842, 289.702952
11.071237, 297.811274
15.468527, 303.699088
19.416872, 308.976948
22.877910, 314.023560
25.820271, 318.978864
28.218598, 323.911392
30.053495, 328.863869
31.311693, 333.869938
31.986272, 338.962250
32.076952, 344.178039
31.590467, 349.564730
30.541154, 355.187548
28.951955, 1.141621
26.856302, 7.573237
24.301912, 14.719849
21.358981, 22.990207
18.139277, 33.133033
14.844084, 46.589780
11.886530, 66.034040
10.116886, 94.438769
10.624392, 127.567375
13.439598, 154.164516
17.645533, 172.144274
22.552131, 184.751133
27.808597, 194.388789
33.224965, 202.323344
38.679207, 209.216190
44.080214, 215.431854
49.352804, 221.183523
54.431305, 226.602606
59.256710, 231.773720
63.775429, 236.753286
67.938793, 241.579939
71.702940, 246.280609
75.028873, 250.874211
77.882619, 255.373951
80.235406, 259.788788
82.063860, 264.124367
83.350171, 268.383604
84.082242, 272.567012
84.253810, 276.672846
83.864530, 280.697077
82.920036, 284.633210
81.431976, 288.471932
79.418041, 292.200552
76.901995, 295.802167
73.913748, 299.254471
70.489497, 302.528030
66.672014, 305.583826
62.511177, 308.369684
58.064912, 310.815096
53.400813, 312.823670
48.598875, 314.262257
43.756036, 314.945874
38.993508, 314.618982
34.467998, 312.939662
30.386434, 309.491449
27.017224, 303.887836
24.673745, 296.067488
23.629160, 286.725343
23.969820, 277.357123
25.519183, 269.485018
27.932976, 263.851945
30.853835, 260.426773
33.993484, 258.832571
37.142380, 258.653256
40.152645, 259.545710
42.919594, 261.254498
45.368309, 263.596791
47.444979, 266.443764
49.111531, 269.705561
50.342330, 273.320587
51.122145, 277.248284
51.444902, 281.464472
51.312937, 285.958536
50.736599, 290.732005
49.734123, 295.798256
48.331756, 301.183226
46.564180, 306.927110
44.475294, 313.087086
42.119500, 319.741038
39.563669, 326.991979
36.889961, 334.972025
34.199558, 343.842839
31.616788, 353.785475
29.291706, 4.966546
27.396352, 17.464384
26.106857, 31.155559
25.566059, 45.619793
25.837015, 60.180584
26.877349, 74.126384
28.556247, 86.960061
30.699685, 98.488599
33.132153, 108.750940
35.699065, 117.900558
38.272909, 126.120000
40.751339, 133.578322
43.052893, 140.416452
45.112843, 146.745874
46.879935, 152.652204
48.314022, 158.199776
49.384428, 163.435761
50.068833, 168.393393
50.352535, 173.094254
50.227967, 177.549722
49.694420, 181.761631
48.757926, 185.722189
47.431308, 189.413085
45.734420, 192.803659
43.694664, 195.847849
41.347906, 198.479540
38.740018, 200.605727
35.929411, 202.096955
32.991088, 202.774914
30.022947, 202.399326
27.154838, 200.663081
24.559302, 197.221678
22.457219, 191.811348
21.099936, 184.508855
20.703993, 176.025554
21.353156, 167.635510
22.951912, 160.556188
25.283227, 155.390809
28.104933, 152.141224
31.207797, 150.516700
34.429152, 150.172038
37.646347, 150.807514
40.766440, 152.190194
43.717727, 154.146588
46.443869, 156.549185
48.900081, 159.304270
51.050684, 162.342583
52.867554, 165.612576
54.329112, 169.075656
55.419650, 172.702856
56.128869, 176.472511
56.451534, 180.368635
56.387198, 184.379808
55.939969, 188.498434
55.118283, 192.720287
53.934693, 197.044293
52.405643, 201.472548
50.551250, 206.010545
48.395079, 210.667696
45.963926, 215.458180
43.287621, 220.402297
40.398872, 225.528534
37.333193, 230.876726
34.128959, 236.502986
30.827729, 242.487489
27.474989, 248.947056
24.121721, 256.055874
20.827471, 264.079920
17.666260, 273.432810
14.737706, 284.755799
12.186054, 298.977322
10.221924, 317.105299
9.102362, 339.147068
8.979088, 2.531680
9.712299, 23.434732
10.962146, 40.197207
12.417653, 53.341758
13.874513, 63.911166
15.210677, 72.739761
16.353038, 80.382987
17.256679, 87.195611
17.893753, 93.404537
18.247609, 99.156345
18.309610, 104.545761
18.077313, 109.632082
17.553395, 114.448020
16.744966, 119.003174
15.663162, 123.282547
14.322936, 127.238459
12.743154, 130.770275
10.947290, 133.676236
8.965742, 135.529245
6.843628, 135.302839
4.672933, 129.960565
2.779285, 108.019093
2.534798, 53.751152
4.400649, 24.438855
6.885477, 16.840453
9.529847, 15.681498
12.216111, 16.941045
14.889362, 19.331859
17.511850, 22.332721
20.052577, 25.695355
22.484244, 29.287154
24.782239, 33.031019
26.924308, 36.879074
28.890487, 40.799943
30.663130, 44.772093
32.226978, 48.780110
33.569228, 52.812504
34.679599, 56.860343
35.550372, 60.916373
36.176417, 64.974413
36.555191, 69.028922
36.686715, 73.074664
36.573530, 77.106429
36.220621, 81.118775
35.635330, 85.105763
34.827245, 89.060674
33.808068, 92.975655
32.591475, 96.841280
31.192965, 100.645971
29.629698, 104.375202
27.920347, 108.010377
26.084949, 111.527215
24.144799, 114.893357
22.122381, 118.064724
20.041408, 120.979819
17.927018, 123.550563
15.806281, 125.647085
13.709271, 127.071789
11.671258, 127.514299
9.737105, 126.474111
7.970024, 123.141871
6.467455, 116.304866
5.379118, 104.710970
4.880635, 88.908151
5.029346, 73.072496
5.661702, 61.447991
6.538311, 54.661311
7.485373, 51.477128
8.402940, 50.678137
9.235828, 51.451687
9.953042, 53.298919
10.537069, 55.915618
10.978561, 59.114414
11.273609, 62.779818
11.422300, 66.842876
11.427898, 71.267063
11.296392, 76.040770
11.036244, 81.174007
10.658300, 86.698154
10.175852, 92.668321
9.604877, 99.168286
8.964529, 106.318068
8.277970, 114.283627
7.573679, 123.285837
6.887255, 133.599367
6.263296, 145.517633
5.755671, 159.240184
5.422298, 174.651751
5.310345, 191.098359
5.436128, 207.468578
5.776435, 222.693189
6.280839, 236.201989
6.892276, 247.942498
7.560365, 258.140928
8.245315, 267.095425
8.917008, 275.077793
9.552867, 282.305804
10.135934, 288.944915
10.653469, 295.118217
11.095980, 300.916655
11.456581, 306.407320
11.730554, 311.639608
11.915042, 316.649629
12.008829, 321.463298
12.012162, 326.098455
11.926623, 330.566264
11.755005, 334.872067
11.501209, 339.015787
11.170157, 342.991937
10.767708, 346.789226
10.300588, 350.389730
9.776342, 353.767522
9.203298, 356.886597
8.590582, 359.697869
7.948169, 2.134896
7.287026, 4.107940
6.619362, 5.496051
5.959058, 6.137407
5.322299, 5.820138
4.728440, 4.281301
4.200834, 1.233932
3.766779, 356.460302
3.454626, 350.005936
3.285960, 342.405294
3.264818, 334.674173
3.372726, 327.891651
3.575663, 322.718646
3.836500, 319.296221
4.123414, 317.446516
4.412308, 316.887025
4.686015, 317.345424
4.932672, 318.597862
5.144278, 320.472017
5.315629, 322.838817
5.443588, 325.602585
5.526585, 328.692677
5.564275, 332.057135
5.557291, 335.658091
5.507066, 339.468540
5.415693, 343.470127
5.285810, 347.651700
5.120512, 352.008445
4.923265, 356.541521
4.697841, 1.258128
4.448259, 6.172023
4.178732, 11.304553
3.893633, 16.686287
3.597467, 22.359461
3.294864, 28.381461
2.990593, 34.829658
2.689615, 41.807849
2.397167, 49.454198
2.118911, 57.949258
1.861121, 67.519104
1.630866, 78.420459
1.435980, 90.881008
1.284375, 104.961686
1.182128, 120.357103
1.130479, 136.296181
1.123760, 151.765527
1.150595, 165.955739
1.197690, 178.517489
1.253165, 189.484645
1.307943, 199.074412
1.355711, 207.541440
1.392361, 215.111955
1.415403, 221.965811
1.423516, 228.238331
1.416220, 234.027684
1.393652, 239.402233
1.356410, 244.406143
1.305445, 249.062907
1.241981, 253.376777
1.167465, 257.332006
1.083522, 260.889433
0.991950, 263.979430
0.894722, 266.489246
0.794037, 268.241268
0.692433, 268.956560
0.593027, 268.196663
0.499962, 265.286281
0.419158, 259.284279
0.359039, 249.306388
0.329268, 235.760325
0.334641, 221.585625
0.369509, 210.279304
0.422362, 202.987347
0.483190, 199.040292
0.545489, 197.444729
0.605360, 197.434733
0.660471, 198.500930
0.709407, 200.314350
0.751316, 202.660462
0.785719, 205.396169
0.812398, 208.423525
0.831331, 211.673766
0.842647, 215.097459
0.846598, 218.658288
0.843532, 222.329044
0.833882, 226.088969
0.818140, 229.921958
0.796849, 233.815319
0.770590, 237.758886
0.739969, 241.744392
0.705604, 245.764991
0.668120, 249.814905
0.628135, 253.889140
0.586256, 257.983254
0.543068, 262.093155
0.499130, 266.214901
0.454969, 270.344498
0.411073, 274.477651
0.367891, 278.609456
0.325828, 282.733952
0.285243, 286.843460
0.246446, 290.927514
0.209703, 294.971062
0.175230, 298.951223
0.143196, 302.831031
0.113730, 306.546290
0.086917, 309.974688
0.062809, 312.851357
0.041442, 314.479944
0.022913, 312.298016
0.008227, 286.997274
0.009755, 191.491107
0.020158, 176.421191
0.029100, 175.664427
0.036120, 177.852181
0.041289, 181.132948
0.044758, 184.960030
0.046699, 189.121013
0.047293, 193.522207
0.046722, 198.122671
0.045169, 202.910187
0.042810, 207.892190
0.039816, 213.093512
0.036346, 218.558431
0.032553, 224.356987
0.028578, 230.597210
0.024552, 237.447269
0.020598, 245.175558
0.016838, 254.223701
0.013399, 265.334600
0.010435, 279.729586
0.008158, 299.061435
0.006828, 323.932614
0.006558, 350.650287
0.007068, 13.389503
0.007903, 30.497261
0.008743, 43.355998
0.009430, 53.496915
0.009896, 61.925870
0.010124, 69.243525
0.010118, 75.810085
0.009898, 81.848308
0.009491, 87.500906
0.008928, 92.862364
0.008243, 97.997003
0.007469, 102.949570
0.006638, 107.751657
0.005780, 112.425695
0.004925, 116.987498
0.004096, 121.447903
0.003315, 125.813833
0.002598, 130.088957
0.001960, 134.274066
0.001409, 138.367223
0.000951, 142.363723
0.000588, 146.255851
0.000317, 150.032434
0.000134, 153.678126
0.000032, 157.172351
0.000000, 160.487779
##END=
