##TITLE= Parameter file, TopSpin 3.6.2
##JCAMPDX= 5.0
##DATATYPE= Parameter Values
##NPOINTS= 156	$$ modification sequence number
##ORIGIN= Bruker BioSpin GmbH
##OWNER= nmr
$$ 2023-08-21 14:58:45.528 +0200  nmr@CZC912DKQJ
$$ /opt/topspin3.6.2/conf/instr/spect/preemp/Z837501_0007/default
$$ process /opt/topspin3.6.2/prog/mod/setpreserver
##$B0BASE= (0..5)
1 1 1 1 1 1
##$B0CC= 39062.5
##$B0COMPST= no
##$B0GAIN= (0..5)
0 0 0 -10 -10 -10
##$B0TIME= (0..5)
0 0 0 0 0 0
##$BCOFFSET= 0
##$BOFFSET= 0
##$BXBASE= (0..5)
1 1 1 1 1 1
##$BXGAIN= (0..5)
0 0 0 0 0 0
##$BXTIME= (0..5)
0 0 0 0 0 0
##$BYBASE= (0..5)
1 1 1 1 1 1
##$BYGAIN= (0..5)
0 0 0 0 0 0
##$BYTIME= (0..5)
0 0 0 0 0 0
##$BZBASE= (0..5)
1 1 1 1 1 1
##$BZGAIN= (0..5)
0 0 0 0 0 0
##$BZTIME= (0..5)
0 0 0 0 0 0
##$CHANIN= (0..37)
0 0 0 0 0 0 0 0 0 0 0 0 0 0 0 0 0 0 0 0 0 0 0 0 0 0 0 0 0 0 0 0 0 0 0 0
0 0
##$CHANOUT= (0..37)
0 0 0 0 0 0 0 0 0 0 0 0 0 0 0 0 0 0 0 0 0 0 0 0 0 0 0 0 0 0 0 0 0 0 0 0
0 0
##$COILDEL= 0
##$CompDelX= 0
##$CompDelY= 0
##$CompDelZ= 0
##$DITHST= yes
##$FILTERS= (0..531)
0 0 0 0 0 0 0 0 0 0 0 0 0 0 0 0 0 0 0 0 0 0 0 0 0 0 0 0 0 0 0 0 0 0 0 0
0 0 0 0 0 0 0 0 0 0 0 0 0 0 0 0 0 0 0 0 0 0 0 0 0 0 0 0 0 0 0 0 0 0 0 0
0 0 0 0 0 0 0 0 0 0 0 0 0 0 0 0 0 0 0 0 0 0 0 0 0 0 0 0 0 0 0 0 0 0 0 0
0 0 0 0 0 0 0 0 0 0 0 0 0 0 0 0 0 0 0 0 0 0 0 0 0 0 0 0 0 0 0 0 0 0 0 0
0 0 0 0 0 0 0 0 0 0 0 0 0 0 0 0 0 0 0 0 0 0 0 0 0 0 0 0 0 0 0 0 0 0 0 0
0 0 0 0 0 0 0 0 0 0 0 0 0 0 0 0 0 0 0 0 0 0 0 0 0 0 0 0 0 0 0 0 0 0 0 0
0 0 0 0 0 0 0 0 0 0 0 0 0 0 0 0 0 0 0 0 0 0 0 0 0 0 0 0 0 0 0 0 0 0 0 0
0 0 0 0 0 0 0 0 0 0 0 0 0 0 0 0 0 0 0 0 0 0 0 0 0 0 0 0 0 0 0 0 0 0 0 0
0 0 0 0 0 0 0 0 0 0 0 0 0 0 0 0 0 0 0 0 0 0 0 0 0 0 0 0 0 0 0 0 0 0 0 0
0 0 0 0 0 0 0 0 0 0 0 0 0 0 0 0 0 0 0 0 0 0 0 0 0 0 0 0 0 0 0 0 0 0 0 0
0 0 0 0 0 0 0 0 0 0 0 0 0 0 0 0 0 0 0 0 0 0 0 0 0 0 0 0 0 0 0 0 0 0 0 0
0 0 0 0 0 0 0 0 0 0 0 0 0 0 0 0 0 0 0 0 0 0 0 0 0 0 0 0 0 0 0 0 0 0 0 0
0 0 0 0 0 0 0 0 0 0 0 0 0 0 0 0 0 0 0 0 0 0 0 0 0 0 0 0 0 0 0 0 0 0 0 0
0 0 0 0 0 0 0 0 0 0 0 0 0 0 0 0 0 0 0 0 0 0 0 0 0 0 0 0 0 0 0 0 0 0 0 0
0 0 0 0 0 0 0 0 0 0 0 0 0 0 0 0 0 0 0 0 0 0 0 0 0 0 0 0
##$GRADCC= 268228
##$GRADRES= 8
##$IMPLOAD= 1
##$ORDER= (0..37)
0 0 0 0 0 0 0 0 0 0 0 0 0 0 0 0 0 0 0 0 0 0 0 0 0 0 0 0 0 0 0 0 0 0 0 0
0 0
##$PREMOD= no
##$RAMPMOD= 1
##$RAMPSLP= 5
##$RAMPSP= (0..127)
0 0 0 0 0 0 0 0 0 0 0 0 0 0 0 0 0 0 0 0 0 0 0 0 0 0 0 0 0 0 0 0 0 0 0 0
0 0 0 0 0 0 0 0 0 0 0 0 0 0 0 0 0 0 0 0 0 0 0 0 0 0 0 0 0 0 0 0 0 0 0 0
0 0 0 0 0 0 0 0 0 0 0 0 0 0 0 0 0 0 0 0 0 0 0 0 0 0 0 0 0 0 0 0 0 0 0 0
0 0 0 0 0 0 0 0 0 0 0 0 0 0 0 0 0 0 0 0
##$RAMPSPX= (0..127)
0 0 0 0 0 0 0 0 0 0 0 0 0 0 0 0 0 0 0 0 0 0 0 0 0 0 0 0 0 0 0 0 0 0 0 0
0 0 0 0 0 0 0 0 0 0 0 0 0 0 0 0 0 0 0 0 0 0 0 0 0 0 0 0 0 0 0 0 0 0 0 0
0 0 0 0 0 0 0 0 0 0 0 0 0 0 0 0 0 0 0 0 0 0 0 0 0 0 0 0 0 0 0 0 0 0 0 0
0 0 0 0 0 0 0 0 0 0 0 0 0 0 0 0 0 0 0 0
##$RAMPSPY= (0..127)
0 0 0 0 0 0 0 0 0 0 0 0 0 0 0 0 0 0 0 0 0 0 0 0 0 0 0 0 0 0 0 0 0 0 0 0
0 0 0 0 0 0 0 0 0 0 0 0 0 0 0 0 0 0 0 0 0 0 0 0 0 0 0 0 0 0 0 0 0 0 0 0
0 0 0 0 0 0 0 0 0 0 0 0 0 0 0 0 0 0 0 0 0 0 0 0 0 0 0 0 0 0 0 0 0 0 0 0
0 0 0 0 0 0 0 0 0 0 0 0 0 0 0 0 0 0 0 0
##$RAMPSPZ= (0..127)
0 0 0 0 0 0 0 0 0 0 0 0 0 0 0 0 0 0 0 0 0 0 0 0 0 0 0 0 0 0 0 0 0 0 0 0
0 0 0 0 0 0 0 0 0 0 0 0 0 0 0 0 0 0 0 0 0 0 0 0 0 0 0 0 0 0 0 0 0 0 0 0
0 0 0 0 0 0 0 0 0 0 0 0 0 0 0 0 0 0 0 0 0 0 0 0 0 0 0 0 0 0 0 0 0 0 0 0
0 0 0 0 0 0 0 0 0 0 0 0 0 0 0 0 0 0 0 0
##$RAMPTM= 80
##$RAMPTMX= 80
##$RAMPTMY= 80
##$RAMPTMZ= 80
##$RISETM= 100
##$XAITVAL= 1
##$XBBASE= (0..5)
4 1 1 1 1 1
##$XBGAIN= (0..5)
0.45 0 0 0 0 0
##$XBTIME= (0..5)
25 0 0 0 0 0
##$XCAPAC= 14.1176481246948
##$XCOFFSET= 0
##$XCOILRES= 0.11
##$XFACTOR= 1
##$XGAIN= 0
##$XGBASE= (0..5)
1 1 1 1 1 1
##$XGGAIN= (0..5)
0 0 0 0 0 0
##$XGTIME= (0..5)
0 0 0 0 0 0
##$XIMAX= 60
##$XMEANPWR= 23
##$XMEANPWRIT= 23
##$XOFFSET= 0
##$XPWRSUM= 66
##$XPWRSUMIT= 66
##$XRESIST= 80.3921585083008
##$XUMAX= 100
##$XYBASE= (0..5)
1 1 1 1 1 1
##$XYGAIN= (0..5)
0 0 0 0 0 0
##$XYTIME= (0..5)
0 0 0 0 0 0
##$XZBASE= (0..5)
1 1 1 1 1 1
##$XZGAIN= (0..5)
0 0 0 0 0 0
##$XZTIME= (0..5)
0 0 0 0 0 0
##$YAITVAL= 1
##$YBBASE= (0..5)
1 1 1 1 1 1
##$YBGAIN= (0..5)
0 0 0 0 0 0
##$YBTIME= (0..5)
0 0 0 0 0 0
##$YCAPAC= 14.1176481246948
##$YCOFFSET= 0
##$YCOILRES= 0.18
##$YFACTOR= 1
##$YGAIN= 0
##$YGBASE= (0..5)
1 1 1 1 1 1
##$YGGAIN= (0..5)
0 0 0 0 0 0
##$YGTIME= (0..5)
0 0 0 0 0 0
##$YIMAX= 60
##$YMEANPWR= 37
##$YMEANPWRIT= 37
##$YOFFSET= 0
##$YPWRSUM= 66
##$YPWRSUMIT= 66
##$YRESIST= 80.3921585083008
##$YUMAX= 100
##$YXBASE= (0..5)
1 1 1 1 1 1
##$YXGAIN= (0..5)
0 0 0 0 0 0
##$YXTIME= (0..5)
0 0 0 0 0 0
##$YZBASE= (0..5)
1 1 1 1 1 1
##$YZGAIN= (0..5)
0 0 0 0 0 0
##$YZTIME= (0..5)
0 0 0 0 0 0
##$ZAITVAL= 1
##$ZBBASE= (0..5)
1 1 1 1 1 1
##$ZBGAIN= (0..5)
0 0 0 0 0 0
##$ZBTIME= (0..5)
0 0 0 0 0 0
##$ZCAPAC= 14.1176481246948
##$ZCOFFSET= 0
##$ZCOILRES= 0.17
##$ZFACTOR= 1
##$ZGAIN= 0
##$ZGBASE= (0..5)
1 1 1 1 1 1
##$ZGGAIN= (0..5)
0 0 0 0 0 0
##$ZGTIME= (0..5)
0 0 0 0 0 0
##$ZIMAX= 60
##$ZMEANPWR= 35
##$ZMEANPWRIT= 35
##$ZOFFSET= 0
##$ZPWRSUM= 66
##$ZPWRSUMIT= 66
##$ZRESIST= 80.3921585083008
##$ZUMAX= 100
##$ZXBASE= (0..5)
1 1 1 1 1 1
##$ZXGAIN= (0..5)
0 0 0 0 0 0
##$ZXTIME= (0..5)
0 0 0 0 0 0
##$ZYBASE= (0..5)
1 1 1 1 1 1
##$ZYGAIN= (0..5)
0 0 0 0 0 0
##$ZYTIME= (0..5)
0 0 0 0 0 0
##END=
