##TITLE= Parameter file, TopSpin 3.6.2
##JCAMPDX= 5.0
##DATATYPE= Parameter Values
##ORIGIN= Bruker BioSpin GmbH
##OWNER= nmr
$$ 2023-07-20 11:17:27.710 +0200  nmr@CZC912DKQJ
$$ /opt/topspin3.6.2/exp/stan/nmr/lists/wave/user/nes_seduce_etoh_15ms
$$ process /opt/topspin3.6.2/prog/mod/toolserver
##MINX= 0.00000000
##MAXX= 95.40469000
##MINY= 0.89920600
##MAXY= 359.17689400
##$SHAPE_ADDPHASE= 0
##$SHAPE_AMP= 95.40468968
##$SHAPE_BWFAC= 0
##$SHAPE_BWFAC50= 0
##$SHAPE_CALCBW= yes
##$SHAPE_CALCINTEG= yes
##$SHAPE_EXMODE= <Universal>
##$SHAPE_EXPAND= <>
##$SHAPE_EXPANDCF= (0..143)
0 0 0 0 0 0 0 0 0 0 0 0 0 0 0 0 0 0 0 0 0 0 0 0 0 0 0 0 0 0 0 0 0 0 0 0
0 0 0 0 0 0 0 0 0 0 0 0 0 0 0 0 0 0 0 0 0 0 0 0 0 0 0 0 0 0 0 0 0 0 0 0
0 0 0 0 0 0 0 0 0 0 0 0 0 0 0 0 0 0 0 0 0 0 0 0 0 0 0 0 0 0 0 0 0 0 0 0
0 0 0 0 0 0 0 0 0 0 0 0 0 0 0 0 0 0 0 0 0 0 0 0 0 0 0 0 0 0 0 0 0 0 0 0
##$SHAPE_EXPFAC= 0
##$SHAPE_FRACEND= 0
##$SHAPE_FRACORG= 0
##$SHAPE_FRACSTART= 0
##$SHAPE_INTEGFAC= 0
##$SHAPE_KEEPRES= yes
##$SHAPE_LENGTH= 15000
##$SHAPE_MAN= <>
##$SHAPE_MODE= 3
##$SHAPE_MODFREQ= 0
##$SHAPE_MODPHASE= 0
##$SHAPE_MODSCALE= 0
##$SHAPE_MODSW= 0
##$SHAPE_MODSWDIR= -1
##$SHAPE_NPOINTS= 1000
##$SHAPE_OFFS= <>
##$SHAPE_OFFSCOEFF= (0..95)
0 0 0 0 0 0 0 0 0 0 0 0 0 0 0 0 0 0 0 0 0 0 0 0 0 0 0 0 0 0 0 0 0 0 0 0
0 0 0 0 0 0 0 0 0 0 0 0 0 0 0 0 0 0 0 0 0 0 0 0 0 0 0 0 0 0 0 0 0 0 0 0
0 0 0 0 0 0 0 0 0 0 0 0 0 0 0 0 0 0 0 0 0 0 0 0
##$SHAPE_PARAMETER= <>
##$SHAPE_REPHFAC= 0
##$SHAPE_RES= 0
##$SHAPE_SCALEFAC= 1.0481665
##$SHAPE_SCALETYPE= 0
##$SHAPE_SPOAL= 0
##$SHAPE_SPOFFS= 0
##$SHAPE_SPOPH= 0
##$SHAPE_TOTROT= 90
##$SHAPE_TYPE= <Excitation>
##$SHAPE_USER_DEF= 0
##$SHAPE_VERSION= 2.1
##$SHL_ADDPHASE= (0..15)
0 0 0 0 0 0 0 0 0 0 0 0 0 0 0 0
##$SHL_ALIGNOFFSET= (0..15)
0 0 0 0 0 0 0 0 0 0 0 0 0 0 0 0
##$SHL_AMP= (0..15)
95.40468968 0 0 0 0 0 0 0 0 0 0 0 0 0 0 0
##$SHL_AMPFAC= (0..15)
0 0 0 0 0 0 0 0 0 0 0 0 0 0 0 0
##$SHL_BETA= (0..15)
0 0 0 0 0 0 0 0 0 0 0 0 0 0 0 0
##$SHL_BWFAC= (0..15)
0 0 0 0 0 0 0 0 0 0 0 0 0 0 0 0
##$SHL_CALCBW= (0..15)
yes yes yes yes yes yes yes yes yes yes yes yes yes yes yes yes
##$SHL_CALCINTEG= (0..15)
yes yes yes yes yes yes yes yes yes yes yes yes yes yes yes yes
##$SHL_CENTERAMP= (0..15)
0 0 0 0 0 0 0 0 0 0 0 0 0 0 0 0
##$SHL_CYCNUM= (0..15)
0 0 0 0 0 0 0 0 0 0 0 0 0 0 0 0
##$SHL_DIPOLCPL= (0..15)
0 0 0 0 0 0 0 0 0 0 0 0 0 0 0 0
##$SHL_ENDAMP= (0..15)
0 0 0 0 0 0 0 0 0 0 0 0 0 0 0 0
##$SHL_EXMODE= (0..15)
<Universal> <> <> <> <> <> <> <> <> <> <> <> <> <> <> <>
##$SHL_EXPAND= (0..15)
<> <> <> <> <> <> <> <> <> <> <> <> <> <> <> <>
##$SHL_EXPANDCF0= (0..143)
0 0 0 0 0 0 0 0 0 0 0 0 0 0 0 0 0 0 0 0 0 0 0 0 0 0 0 0 0 0 0 0 0 0 0 0
0 0 0 0 0 0 0 0 0 0 0 0 0 0 0 0 0 0 0 0 0 0 0 0 0 0 0 0 0 0 0 0 0 0 0 0
0 0 0 0 0 0 0 0 0 0 0 0 0 0 0 0 0 0 0 0 0 0 0 0 0 0 0 0 0 0 0 0 0 0 0 0
0 0 0 0 0 0 0 0 0 0 0 0 0 0 0 0 0 0 0 0 0 0 0 0 0 0 0 0 0 0 0 0 0 0 0 0
##$SHL_EXPANDCF1= (0..143)
0 0 0 0 0 0 0 0 0 0 0 0 0 0 0 0 0 0 0 0 0 0 0 0 0 0 0 0 0 0 0 0 0 0 0 0
0 0 0 0 0 0 0 0 0 0 0 0 0 0 0 0 0 0 0 0 0 0 0 0 0 0 0 0 0 0 0 0 0 0 0 0
0 0 0 0 0 0 0 0 0 0 0 0 0 0 0 0 0 0 0 0 0 0 0 0 0 0 0 0 0 0 0 0 0 0 0 0
0 0 0 0 0 0 0 0 0 0 0 0 0 0 0 0 0 0 0 0 0 0 0 0 0 0 0 0 0 0 0 0 0 0 0 0
##$SHL_EXPANDCF10= (0..143)
0 0 0 0 0 0 0 0 0 0 0 0 0 0 0 0 0 0 0 0 0 0 0 0 0 0 0 0 0 0 0 0 0 0 0 0
0 0 0 0 0 0 0 0 0 0 0 0 0 0 0 0 0 0 0 0 0 0 0 0 0 0 0 0 0 0 0 0 0 0 0 0
0 0 0 0 0 0 0 0 0 0 0 0 0 0 0 0 0 0 0 0 0 0 0 0 0 0 0 0 0 0 0 0 0 0 0 0
0 0 0 0 0 0 0 0 0 0 0 0 0 0 0 0 0 0 0 0 0 0 0 0 0 0 0 0 0 0 0 0 0 0 0 0
##$SHL_EXPANDCF11= (0..143)
0 0 0 0 0 0 0 0 0 0 0 0 0 0 0 0 0 0 0 0 0 0 0 0 0 0 0 0 0 0 0 0 0 0 0 0
0 0 0 0 0 0 0 0 0 0 0 0 0 0 0 0 0 0 0 0 0 0 0 0 0 0 0 0 0 0 0 0 0 0 0 0
0 0 0 0 0 0 0 0 0 0 0 0 0 0 0 0 0 0 0 0 0 0 0 0 0 0 0 0 0 0 0 0 0 0 0 0
0 0 0 0 0 0 0 0 0 0 0 0 0 0 0 0 0 0 0 0 0 0 0 0 0 0 0 0 0 0 0 0 0 0 0 0
##$SHL_EXPANDCF12= (0..143)
0 0 0 0 0 0 0 0 0 0 0 0 0 0 0 0 0 0 0 0 0 0 0 0 0 0 0 0 0 0 0 0 0 0 0 0
0 0 0 0 0 0 0 0 0 0 0 0 0 0 0 0 0 0 0 0 0 0 0 0 0 0 0 0 0 0 0 0 0 0 0 0
0 0 0 0 0 0 0 0 0 0 0 0 0 0 0 0 0 0 0 0 0 0 0 0 0 0 0 0 0 0 0 0 0 0 0 0
0 0 0 0 0 0 0 0 0 0 0 0 0 0 0 0 0 0 0 0 0 0 0 0 0 0 0 0 0 0 0 0 0 0 0 0
##$SHL_EXPANDCF13= (0..143)
0 0 0 0 0 0 0 0 0 0 0 0 0 0 0 0 0 0 0 0 0 0 0 0 0 0 0 0 0 0 0 0 0 0 0 0
0 0 0 0 0 0 0 0 0 0 0 0 0 0 0 0 0 0 0 0 0 0 0 0 0 0 0 0 0 0 0 0 0 0 0 0
0 0 0 0 0 0 0 0 0 0 0 0 0 0 0 0 0 0 0 0 0 0 0 0 0 0 0 0 0 0 0 0 0 0 0 0
0 0 0 0 0 0 0 0 0 0 0 0 0 0 0 0 0 0 0 0 0 0 0 0 0 0 0 0 0 0 0 0 0 0 0 0
##$SHL_EXPANDCF14= (0..143)
0 0 0 0 0 0 0 0 0 0 0 0 0 0 0 0 0 0 0 0 0 0 0 0 0 0 0 0 0 0 0 0 0 0 0 0
0 0 0 0 0 0 0 0 0 0 0 0 0 0 0 0 0 0 0 0 0 0 0 0 0 0 0 0 0 0 0 0 0 0 0 0
0 0 0 0 0 0 0 0 0 0 0 0 0 0 0 0 0 0 0 0 0 0 0 0 0 0 0 0 0 0 0 0 0 0 0 0
0 0 0 0 0 0 0 0 0 0 0 0 0 0 0 0 0 0 0 0 0 0 0 0 0 0 0 0 0 0 0 0 0 0 0 0
##$SHL_EXPANDCF15= (0..143)
0 0 0 0 0 0 0 0 0 0 0 0 0 0 0 0 0 0 0 0 0 0 0 0 0 0 0 0 0 0 0 0 0 0 0 0
0 0 0 0 0 0 0 0 0 0 0 0 0 0 0 0 0 0 0 0 0 0 0 0 0 0 0 0 0 0 0 0 0 0 0 0
0 0 0 0 0 0 0 0 0 0 0 0 0 0 0 0 0 0 0 0 0 0 0 0 0 0 0 0 0 0 0 0 0 0 0 0
0 0 0 0 0 0 0 0 0 0 0 0 0 0 0 0 0 0 0 0 0 0 0 0 0 0 0 0 0 0 0 0 0 0 0 0
##$SHL_EXPANDCF2= (0..143)
0 0 0 0 0 0 0 0 0 0 0 0 0 0 0 0 0 0 0 0 0 0 0 0 0 0 0 0 0 0 0 0 0 0 0 0
0 0 0 0 0 0 0 0 0 0 0 0 0 0 0 0 0 0 0 0 0 0 0 0 0 0 0 0 0 0 0 0 0 0 0 0
0 0 0 0 0 0 0 0 0 0 0 0 0 0 0 0 0 0 0 0 0 0 0 0 0 0 0 0 0 0 0 0 0 0 0 0
0 0 0 0 0 0 0 0 0 0 0 0 0 0 0 0 0 0 0 0 0 0 0 0 0 0 0 0 0 0 0 0 0 0 0 0
##$SHL_EXPANDCF3= (0..143)
0 0 0 0 0 0 0 0 0 0 0 0 0 0 0 0 0 0 0 0 0 0 0 0 0 0 0 0 0 0 0 0 0 0 0 0
0 0 0 0 0 0 0 0 0 0 0 0 0 0 0 0 0 0 0 0 0 0 0 0 0 0 0 0 0 0 0 0 0 0 0 0
0 0 0 0 0 0 0 0 0 0 0 0 0 0 0 0 0 0 0 0 0 0 0 0 0 0 0 0 0 0 0 0 0 0 0 0
0 0 0 0 0 0 0 0 0 0 0 0 0 0 0 0 0 0 0 0 0 0 0 0 0 0 0 0 0 0 0 0 0 0 0 0
##$SHL_EXPANDCF4= (0..143)
0 0 0 0 0 0 0 0 0 0 0 0 0 0 0 0 0 0 0 0 0 0 0 0 0 0 0 0 0 0 0 0 0 0 0 0
0 0 0 0 0 0 0 0 0 0 0 0 0 0 0 0 0 0 0 0 0 0 0 0 0 0 0 0 0 0 0 0 0 0 0 0
0 0 0 0 0 0 0 0 0 0 0 0 0 0 0 0 0 0 0 0 0 0 0 0 0 0 0 0 0 0 0 0 0 0 0 0
0 0 0 0 0 0 0 0 0 0 0 0 0 0 0 0 0 0 0 0 0 0 0 0 0 0 0 0 0 0 0 0 0 0 0 0
##$SHL_EXPANDCF5= (0..143)
0 0 0 0 0 0 0 0 0 0 0 0 0 0 0 0 0 0 0 0 0 0 0 0 0 0 0 0 0 0 0 0 0 0 0 0
0 0 0 0 0 0 0 0 0 0 0 0 0 0 0 0 0 0 0 0 0 0 0 0 0 0 0 0 0 0 0 0 0 0 0 0
0 0 0 0 0 0 0 0 0 0 0 0 0 0 0 0 0 0 0 0 0 0 0 0 0 0 0 0 0 0 0 0 0 0 0 0
0 0 0 0 0 0 0 0 0 0 0 0 0 0 0 0 0 0 0 0 0 0 0 0 0 0 0 0 0 0 0 0 0 0 0 0
##$SHL_EXPANDCF6= (0..143)
0 0 0 0 0 0 0 0 0 0 0 0 0 0 0 0 0 0 0 0 0 0 0 0 0 0 0 0 0 0 0 0 0 0 0 0
0 0 0 0 0 0 0 0 0 0 0 0 0 0 0 0 0 0 0 0 0 0 0 0 0 0 0 0 0 0 0 0 0 0 0 0
0 0 0 0 0 0 0 0 0 0 0 0 0 0 0 0 0 0 0 0 0 0 0 0 0 0 0 0 0 0 0 0 0 0 0 0
0 0 0 0 0 0 0 0 0 0 0 0 0 0 0 0 0 0 0 0 0 0 0 0 0 0 0 0 0 0 0 0 0 0 0 0
##$SHL_EXPANDCF7= (0..143)
0 0 0 0 0 0 0 0 0 0 0 0 0 0 0 0 0 0 0 0 0 0 0 0 0 0 0 0 0 0 0 0 0 0 0 0
0 0 0 0 0 0 0 0 0 0 0 0 0 0 0 0 0 0 0 0 0 0 0 0 0 0 0 0 0 0 0 0 0 0 0 0
0 0 0 0 0 0 0 0 0 0 0 0 0 0 0 0 0 0 0 0 0 0 0 0 0 0 0 0 0 0 0 0 0 0 0 0
0 0 0 0 0 0 0 0 0 0 0 0 0 0 0 0 0 0 0 0 0 0 0 0 0 0 0 0 0 0 0 0 0 0 0 0
##$SHL_EXPANDCF8= (0..143)
0 0 0 0 0 0 0 0 0 0 0 0 0 0 0 0 0 0 0 0 0 0 0 0 0 0 0 0 0 0 0 0 0 0 0 0
0 0 0 0 0 0 0 0 0 0 0 0 0 0 0 0 0 0 0 0 0 0 0 0 0 0 0 0 0 0 0 0 0 0 0 0
0 0 0 0 0 0 0 0 0 0 0 0 0 0 0 0 0 0 0 0 0 0 0 0 0 0 0 0 0 0 0 0 0 0 0 0
0 0 0 0 0 0 0 0 0 0 0 0 0 0 0 0 0 0 0 0 0 0 0 0 0 0 0 0 0 0 0 0 0 0 0 0
##$SHL_EXPANDCF9= (0..143)
0 0 0 0 0 0 0 0 0 0 0 0 0 0 0 0 0 0 0 0 0 0 0 0 0 0 0 0 0 0 0 0 0 0 0 0
0 0 0 0 0 0 0 0 0 0 0 0 0 0 0 0 0 0 0 0 0 0 0 0 0 0 0 0 0 0 0 0 0 0 0 0
0 0 0 0 0 0 0 0 0 0 0 0 0 0 0 0 0 0 0 0 0 0 0 0 0 0 0 0 0 0 0 0 0 0 0 0
0 0 0 0 0 0 0 0 0 0 0 0 0 0 0 0 0 0 0 0 0 0 0 0 0 0 0 0 0 0 0 0 0 0 0 0
##$SHL_EXPFAC= (0..15)
0 0 0 0 0 0 0 0 0 0 0 0 0 0 0 0
##$SHL_FRACEND= (0..15)
0 0 0 0 0 0 0 0 0 0 0 0 0 0 0 0
##$SHL_FRACORG= (0..15)
0 0 0 0 0 0 0 0 0 0 0 0 0 0 0 0
##$SHL_FRACSTART= (0..15)
0 0 0 0 0 0 0 0 0 0 0 0 0 0 0 0
##$SHL_FULLHALF= (0..15)
0 0 0 0 0 0 0 0 0 0 0 0 0 0 0 0
##$SHL_FUNCAMP= (0..15)
0 0 0 0 0 0 0 0 0 0 0 0 0 0 0 0
##$SHL_FUNCTION= (0..15)
<Seduce1> <> <> <> <> <> <> <> <> <> <> <> <> <> <> <>
##$SHL_GCO= (0..15)
<> <> <> <> <> <> <> <> <> <> <> <> <> <> <> <>
##$SHL_GCOCOEFFS0= (0..59)
0 0 0 0 0 0 0 0 0 0 0 0 0 0 0 0 0 0 0 0 0 0 0 0 0 0 0 0 0 0 0 0 0 0 0 0
0 0 0 0 0 0 0 0 0 0 0 0 0 0 0 0 0 0 0 0 0 0 0 0
##$SHL_GCOCOEFFS1= (0..59)
0 0 0 0 0 0 0 0 0 0 0 0 0 0 0 0 0 0 0 0 0 0 0 0 0 0 0 0 0 0 0 0 0 0 0 0
0 0 0 0 0 0 0 0 0 0 0 0 0 0 0 0 0 0 0 0 0 0 0 0
##$SHL_GCOCOEFFS10= (0..59)
0 0 0 0 0 0 0 0 0 0 0 0 0 0 0 0 0 0 0 0 0 0 0 0 0 0 0 0 0 0 0 0 0 0 0 0
0 0 0 0 0 0 0 0 0 0 0 0 0 0 0 0 0 0 0 0 0 0 0 0
##$SHL_GCOCOEFFS11= (0..59)
0 0 0 0 0 0 0 0 0 0 0 0 0 0 0 0 0 0 0 0 0 0 0 0 0 0 0 0 0 0 0 0 0 0 0 0
0 0 0 0 0 0 0 0 0 0 0 0 0 0 0 0 0 0 0 0 0 0 0 0
##$SHL_GCOCOEFFS12= (0..59)
0 0 0 0 0 0 0 0 0 0 0 0 0 0 0 0 0 0 0 0 0 0 0 0 0 0 0 0 0 0 0 0 0 0 0 0
0 0 0 0 0 0 0 0 0 0 0 0 0 0 0 0 0 0 0 0 0 0 0 0
##$SHL_GCOCOEFFS13= (0..59)
0 0 0 0 0 0 0 0 0 0 0 0 0 0 0 0 0 0 0 0 0 0 0 0 0 0 0 0 0 0 0 0 0 0 0 0
0 0 0 0 0 0 0 0 0 0 0 0 0 0 0 0 0 0 0 0 0 0 0 0
##$SHL_GCOCOEFFS14= (0..59)
0 0 0 0 0 0 0 0 0 0 0 0 0 0 0 0 0 0 0 0 0 0 0 0 0 0 0 0 0 0 0 0 0 0 0 0
0 0 0 0 0 0 0 0 0 0 0 0 0 0 0 0 0 0 0 0 0 0 0 0
##$SHL_GCOCOEFFS15= (0..59)
0 0 0 0 0 0 0 0 0 0 0 0 0 0 0 0 0 0 0 0 0 0 0 0 0 0 0 0 0 0 0 0 0 0 0 0
0 0 0 0 0 0 0 0 0 0 0 0 0 0 0 0 0 0 0 0 0 0 0 0
##$SHL_GCOCOEFFS2= (0..59)
0 0 0 0 0 0 0 0 0 0 0 0 0 0 0 0 0 0 0 0 0 0 0 0 0 0 0 0 0 0 0 0 0 0 0 0
0 0 0 0 0 0 0 0 0 0 0 0 0 0 0 0 0 0 0 0 0 0 0 0
##$SHL_GCOCOEFFS3= (0..59)
0 0 0 0 0 0 0 0 0 0 0 0 0 0 0 0 0 0 0 0 0 0 0 0 0 0 0 0 0 0 0 0 0 0 0 0
0 0 0 0 0 0 0 0 0 0 0 0 0 0 0 0 0 0 0 0 0 0 0 0
##$SHL_GCOCOEFFS4= (0..59)
0 0 0 0 0 0 0 0 0 0 0 0 0 0 0 0 0 0 0 0 0 0 0 0 0 0 0 0 0 0 0 0 0 0 0 0
0 0 0 0 0 0 0 0 0 0 0 0 0 0 0 0 0 0 0 0 0 0 0 0
##$SHL_GCOCOEFFS5= (0..59)
0 0 0 0 0 0 0 0 0 0 0 0 0 0 0 0 0 0 0 0 0 0 0 0 0 0 0 0 0 0 0 0 0 0 0 0
0 0 0 0 0 0 0 0 0 0 0 0 0 0 0 0 0 0 0 0 0 0 0 0
##$SHL_GCOCOEFFS6= (0..59)
0 0 0 0 0 0 0 0 0 0 0 0 0 0 0 0 0 0 0 0 0 0 0 0 0 0 0 0 0 0 0 0 0 0 0 0
0 0 0 0 0 0 0 0 0 0 0 0 0 0 0 0 0 0 0 0 0 0 0 0
##$SHL_GCOCOEFFS7= (0..59)
0 0 0 0 0 0 0 0 0 0 0 0 0 0 0 0 0 0 0 0 0 0 0 0 0 0 0 0 0 0 0 0 0 0 0 0
0 0 0 0 0 0 0 0 0 0 0 0 0 0 0 0 0 0 0 0 0 0 0 0
##$SHL_GCOCOEFFS8= (0..59)
0 0 0 0 0 0 0 0 0 0 0 0 0 0 0 0 0 0 0 0 0 0 0 0 0 0 0 0 0 0 0 0 0 0 0 0
0 0 0 0 0 0 0 0 0 0 0 0 0 0 0 0 0 0 0 0 0 0 0 0
##$SHL_GCOCOEFFS9= (0..59)
0 0 0 0 0 0 0 0 0 0 0 0 0 0 0 0 0 0 0 0 0 0 0 0 0 0 0 0 0 0 0 0 0 0 0 0
0 0 0 0 0 0 0 0 0 0 0 0 0 0 0 0 0 0 0 0 0 0 0 0
##$SHL_INTEGFAC= (0..15)
0 0 0 0 0 0 0 0 0 0 0 0 0 0 0 0
##$SHL_LB= (0..15)
0 0 0 0 0 0 0 0 0 0 0 0 0 0 0 0
##$SHL_LEFTLIMIT= (0..15)
0 0 0 0 0 0 0 0 0 0 0 0 0 0 0 0
##$SHL_LENGTH= (0..15)
15000 0 0 0 0 0 0 0 0 0 0 0 0 0 0 0
##$SHL_MAN= (0..15)
<M> <> <> <> <> <> <> <> <> <> <> <> <> <> <> <>
##$SHL_MEANAMP= (0..15)
0 0 0 0 0 0 0 0 0 0 0 0 0 0 0 0
##$SHL_MODAMP= (0..15)
0 0 0 0 0 0 0 0 0 0 0 0 0 0 0 0
##$SHL_MODE= (0..15)
3 0 0 0 0 0 0 0 0 0 0 0 0 0 0 0
##$SHL_MODFREQ= (0..15)
0 0 0 0 0 0 0 0 0 0 0 0 0 0 0 0
##$SHL_MODPHASE= (0..15)
0 0 0 0 0 0 0 0 0 0 0 0 0 0 0 0
##$SHL_MODSCALE= (0..15)
0 0 0 0 0 0 0 0 0 0 0 0 0 0 0 0
##$SHL_MODSW= (0..15)
0 0 0 0 0 0 0 0 0 0 0 0 0 0 0 0
##$SHL_MODSWDIR= (0..15)
-1 -1 -1 -1 -1 -1 -1 -1 -1 -1 -1 -1 -1 -1 -1 -1
##$SHL_MU= (0..15)
0 0 0 0 0 0 0 0 0 0 0 0 0 0 0 0
##$SHL_NPOINTS= (0..15)
1000 0 0 0 0 0 0 0 0 0 0 0 0 0 0 0
##$SHL_OFFS= (0..15)
<0 3> <> <> <> <> <> <> <> <> <> <> <> <> <> <> <>
##$SHL_OFFSCOEFF0= (0..95)
-1983.05 0 100 -766.85 0 100 100.85 0 100 0 0 0 0 0 0 0 0 0 0 0 0 0 0 0
0 0 0 0 0 0 0 0 0 0 0 0 0 0 0 0 0 0 0 0 0 0 0 0 0 0 0 0 0 0 0 0 0 0 0 0
0 0 0 0 0 0 0 0 0 0 0 0 0 0 0 0 0 0 0 0 0 0 0 0 0 0 0 0 0 0 0 0 0 0 0 0
##$SHL_OFFSCOEFF1= (0..95)
0 0 0 0 0 0 0 0 0 0 0 0 0 0 0 0 0 0 0 0 0 0 0 0 0 0 0 0 0 0 0 0 0 0 0 0
0 0 0 0 0 0 0 0 0 0 0 0 0 0 0 0 0 0 0 0 0 0 0 0 0 0 0 0 0 0 0 0 0 0 0 0
0 0 0 0 0 0 0 0 0 0 0 0 0 0 0 0 0 0 0 0 0 0 0 0
##$SHL_OFFSCOEFF10= (0..95)
0 0 0 0 0 0 0 0 0 0 0 0 0 0 0 0 0 0 0 0 0 0 0 0 0 0 0 0 0 0 0 0 0 0 0 0
0 0 0 0 0 0 0 0 0 0 0 0 0 0 0 0 0 0 0 0 0 0 0 0 0 0 0 0 0 0 0 0 0 0 0 0
0 0 0 0 0 0 0 0 0 0 0 0 0 0 0 0 0 0 0 0 0 0 0 0
##$SHL_OFFSCOEFF11= (0..95)
0 0 0 0 0 0 0 0 0 0 0 0 0 0 0 0 0 0 0 0 0 0 0 0 0 0 0 0 0 0 0 0 0 0 0 0
0 0 0 0 0 0 0 0 0 0 0 0 0 0 0 0 0 0 0 0 0 0 0 0 0 0 0 0 0 0 0 0 0 0 0 0
0 0 0 0 0 0 0 0 0 0 0 0 0 0 0 0 0 0 0 0 0 0 0 0
##$SHL_OFFSCOEFF12= (0..95)
0 0 0 0 0 0 0 0 0 0 0 0 0 0 0 0 0 0 0 0 0 0 0 0 0 0 0 0 0 0 0 0 0 0 0 0
0 0 0 0 0 0 0 0 0 0 0 0 0 0 0 0 0 0 0 0 0 0 0 0 0 0 0 0 0 0 0 0 0 0 0 0
0 0 0 0 0 0 0 0 0 0 0 0 0 0 0 0 0 0 0 0 0 0 0 0
##$SHL_OFFSCOEFF13= (0..95)
0 0 0 0 0 0 0 0 0 0 0 0 0 0 0 0 0 0 0 0 0 0 0 0 0 0 0 0 0 0 0 0 0 0 0 0
0 0 0 0 0 0 0 0 0 0 0 0 0 0 0 0 0 0 0 0 0 0 0 0 0 0 0 0 0 0 0 0 0 0 0 0
0 0 0 0 0 0 0 0 0 0 0 0 0 0 0 0 0 0 0 0 0 0 0 0
##$SHL_OFFSCOEFF14= (0..95)
0 0 0 0 0 0 0 0 0 0 0 0 0 0 0 0 0 0 0 0 0 0 0 0 0 0 0 0 0 0 0 0 0 0 0 0
0 0 0 0 0 0 0 0 0 0 0 0 0 0 0 0 0 0 0 0 0 0 0 0 0 0 0 0 0 0 0 0 0 0 0 0
0 0 0 0 0 0 0 0 0 0 0 0 0 0 0 0 0 0 0 0 0 0 0 0
##$SHL_OFFSCOEFF15= (0..95)
0 0 0 0 0 0 0 0 0 0 0 0 0 0 0 0 0 0 0 0 0 0 0 0 0 0 0 0 0 0 0 0 0 0 0 0
0 0 0 0 0 0 0 0 0 0 0 0 0 0 0 0 0 0 0 0 0 0 0 0 0 0 0 0 0 0 0 0 0 0 0 0
0 0 0 0 0 0 0 0 0 0 0 0 0 0 0 0 0 0 0 0 0 0 0 0
##$SHL_OFFSCOEFF2= (0..95)
0 0 0 0 0 0 0 0 0 0 0 0 0 0 0 0 0 0 0 0 0 0 0 0 0 0 0 0 0 0 0 0 0 0 0 0
0 0 0 0 0 0 0 0 0 0 0 0 0 0 0 0 0 0 0 0 0 0 0 0 0 0 0 0 0 0 0 0 0 0 0 0
0 0 0 0 0 0 0 0 0 0 0 0 0 0 0 0 0 0 0 0 0 0 0 0
##$SHL_OFFSCOEFF3= (0..95)
0 0 0 0 0 0 0 0 0 0 0 0 0 0 0 0 0 0 0 0 0 0 0 0 0 0 0 0 0 0 0 0 0 0 0 0
0 0 0 0 0 0 0 0 0 0 0 0 0 0 0 0 0 0 0 0 0 0 0 0 0 0 0 0 0 0 0 0 0 0 0 0
0 0 0 0 0 0 0 0 0 0 0 0 0 0 0 0 0 0 0 0 0 0 0 0
##$SHL_OFFSCOEFF4= (0..95)
0 0 0 0 0 0 0 0 0 0 0 0 0 0 0 0 0 0 0 0 0 0 0 0 0 0 0 0 0 0 0 0 0 0 0 0
0 0 0 0 0 0 0 0 0 0 0 0 0 0 0 0 0 0 0 0 0 0 0 0 0 0 0 0 0 0 0 0 0 0 0 0
0 0 0 0 0 0 0 0 0 0 0 0 0 0 0 0 0 0 0 0 0 0 0 0
##$SHL_OFFSCOEFF5= (0..95)
0 0 0 0 0 0 0 0 0 0 0 0 0 0 0 0 0 0 0 0 0 0 0 0 0 0 0 0 0 0 0 0 0 0 0 0
0 0 0 0 0 0 0 0 0 0 0 0 0 0 0 0 0 0 0 0 0 0 0 0 0 0 0 0 0 0 0 0 0 0 0 0
0 0 0 0 0 0 0 0 0 0 0 0 0 0 0 0 0 0 0 0 0 0 0 0
##$SHL_OFFSCOEFF6= (0..95)
0 0 0 0 0 0 0 0 0 0 0 0 0 0 0 0 0 0 0 0 0 0 0 0 0 0 0 0 0 0 0 0 0 0 0 0
0 0 0 0 0 0 0 0 0 0 0 0 0 0 0 0 0 0 0 0 0 0 0 0 0 0 0 0 0 0 0 0 0 0 0 0
0 0 0 0 0 0 0 0 0 0 0 0 0 0 0 0 0 0 0 0 0 0 0 0
##$SHL_OFFSCOEFF7= (0..95)
0 0 0 0 0 0 0 0 0 0 0 0 0 0 0 0 0 0 0 0 0 0 0 0 0 0 0 0 0 0 0 0 0 0 0 0
0 0 0 0 0 0 0 0 0 0 0 0 0 0 0 0 0 0 0 0 0 0 0 0 0 0 0 0 0 0 0 0 0 0 0 0
0 0 0 0 0 0 0 0 0 0 0 0 0 0 0 0 0 0 0 0 0 0 0 0
##$SHL_OFFSCOEFF8= (0..95)
0 0 0 0 0 0 0 0 0 0 0 0 0 0 0 0 0 0 0 0 0 0 0 0 0 0 0 0 0 0 0 0 0 0 0 0
0 0 0 0 0 0 0 0 0 0 0 0 0 0 0 0 0 0 0 0 0 0 0 0 0 0 0 0 0 0 0 0 0 0 0 0
0 0 0 0 0 0 0 0 0 0 0 0 0 0 0 0 0 0 0 0 0 0 0 0
##$SHL_OFFSCOEFF9= (0..95)
0 0 0 0 0 0 0 0 0 0 0 0 0 0 0 0 0 0 0 0 0 0 0 0 0 0 0 0 0 0 0 0 0 0 0 0
0 0 0 0 0 0 0 0 0 0 0 0 0 0 0 0 0 0 0 0 0 0 0 0 0 0 0 0 0 0 0 0 0 0 0 0
0 0 0 0 0 0 0 0 0 0 0 0 0 0 0 0 0 0 0 0 0 0 0 0
##$SHL_PHASE= (0..15)
0 0 0 0 0 0 0 0 0 0 0 0 0 0 0 0
##$SHL_PHASEFAC= (0..15)
0 0 0 0 0 0 0 0 0 0 0 0 0 0 0 0
##$SHL_POWERINDEX= (0..15)
0 0 0 0 0 0 0 0 0 0 0 0 0 0 0 0
##$SHL_QUADCOEFF= (0..15)
0 0 0 0 0 0 0 0 0 0 0 0 0 0 0 0
##$SHL_RIGHTLIMIT= (0..15)
0 0 0 0 0 0 0 0 0 0 0 0 0 0 0 0
##$SHL_SCALEFACTOR= (0..15)
1 1 1 1 1 1 1 1 1 1 1 1 1 1 1 1
##$SHL_SF= (0..15)
<> <> <> <> <> <> <> <> <> <> <> <> <> <> <> <>
##$SHL_SFCOEFFS0= (0..200)
0 0 0 0 0 0 0 0 0 0 0 0 0 0 0 0 0 0 0 0 0 0 0 0 0 0 0 0 0 0 0 0 0 0 0 0
0 0 0 0 0 0 0 0 0 0 0 0 0 0 0 0 0 0 0 0 0 0 0 0 0 0 0 0 0 0 0 0 0 0 0 0
0 0 0 0 0 0 0 0 0 0 0 0 0 0 0 0 0 0 0 0 0 0 0 0 0 0 0 0 0 0 0 0 0 0 0 0
0 0 0 0 0 0 0 0 0 0 0 0 0 0 0 0 0 0 0 0 0 0 0 0 0 0 0 0 0 0 0 0 0 0 0 0
0 0 0 0 0 0 0 0 0 0 0 0 0 0 0 0 0 0 0 0 0 0 0 0 0 0 0 0 0 0 0 0 0 0 0 0
0 0 0 0 0 0 0 0 0 0 0 0 0 0 0 0 0 0 0 0 0
##$SHL_SFCOEFFS1= (0..200)
0 0 0 0 0 0 0 0 0 0 0 0 0 0 0 0 0 0 0 0 0 0 0 0 0 0 0 0 0 0 0 0 0 0 0 0
0 0 0 0 0 0 0 0 0 0 0 0 0 0 0 0 0 0 0 0 0 0 0 0 0 0 0 0 0 0 0 0 0 0 0 0
0 0 0 0 0 0 0 0 0 0 0 0 0 0 0 0 0 0 0 0 0 0 0 0 0 0 0 0 0 0 0 0 0 0 0 0
0 0 0 0 0 0 0 0 0 0 0 0 0 0 0 0 0 0 0 0 0 0 0 0 0 0 0 0 0 0 0 0 0 0 0 0
0 0 0 0 0 0 0 0 0 0 0 0 0 0 0 0 0 0 0 0 0 0 0 0 0 0 0 0 0 0 0 0 0 0 0 0
0 0 0 0 0 0 0 0 0 0 0 0 0 0 0 0 0 0 0 0 0
##$SHL_SFCOEFFS10= (0..200)
0 0 0 0 0 0 0 0 0 0 0 0 0 0 0 0 0 0 0 0 0 0 0 0 0 0 0 0 0 0 0 0 0 0 0 0
0 0 0 0 0 0 0 0 0 0 0 0 0 0 0 0 0 0 0 0 0 0 0 0 0 0 0 0 0 0 0 0 0 0 0 0
0 0 0 0 0 0 0 0 0 0 0 0 0 0 0 0 0 0 0 0 0 0 0 0 0 0 0 0 0 0 0 0 0 0 0 0
0 0 0 0 0 0 0 0 0 0 0 0 0 0 0 0 0 0 0 0 0 0 0 0 0 0 0 0 0 0 0 0 0 0 0 0
0 0 0 0 0 0 0 0 0 0 0 0 0 0 0 0 0 0 0 0 0 0 0 0 0 0 0 0 0 0 0 0 0 0 0 0
0 0 0 0 0 0 0 0 0 0 0 0 0 0 0 0 0 0 0 0 0
##$SHL_SFCOEFFS11= (0..200)
0 0 0 0 0 0 0 0 0 0 0 0 0 0 0 0 0 0 0 0 0 0 0 0 0 0 0 0 0 0 0 0 0 0 0 0
0 0 0 0 0 0 0 0 0 0 0 0 0 0 0 0 0 0 0 0 0 0 0 0 0 0 0 0 0 0 0 0 0 0 0 0
0 0 0 0 0 0 0 0 0 0 0 0 0 0 0 0 0 0 0 0 0 0 0 0 0 0 0 0 0 0 0 0 0 0 0 0
0 0 0 0 0 0 0 0 0 0 0 0 0 0 0 0 0 0 0 0 0 0 0 0 0 0 0 0 0 0 0 0 0 0 0 0
0 0 0 0 0 0 0 0 0 0 0 0 0 0 0 0 0 0 0 0 0 0 0 0 0 0 0 0 0 0 0 0 0 0 0 0
0 0 0 0 0 0 0 0 0 0 0 0 0 0 0 0 0 0 0 0 0
##$SHL_SFCOEFFS12= (0..200)
0 0 0 0 0 0 0 0 0 0 0 0 0 0 0 0 0 0 0 0 0 0 0 0 0 0 0 0 0 0 0 0 0 0 0 0
0 0 0 0 0 0 0 0 0 0 0 0 0 0 0 0 0 0 0 0 0 0 0 0 0 0 0 0 0 0 0 0 0 0 0 0
0 0 0 0 0 0 0 0 0 0 0 0 0 0 0 0 0 0 0 0 0 0 0 0 0 0 0 0 0 0 0 0 0 0 0 0
0 0 0 0 0 0 0 0 0 0 0 0 0 0 0 0 0 0 0 0 0 0 0 0 0 0 0 0 0 0 0 0 0 0 0 0
0 0 0 0 0 0 0 0 0 0 0 0 0 0 0 0 0 0 0 0 0 0 0 0 0 0 0 0 0 0 0 0 0 0 0 0
0 0 0 0 0 0 0 0 0 0 0 0 0 0 0 0 0 0 0 0 0
##$SHL_SFCOEFFS13= (0..200)
0 0 0 0 0 0 0 0 0 0 0 0 0 0 0 0 0 0 0 0 0 0 0 0 0 0 0 0 0 0 0 0 0 0 0 0
0 0 0 0 0 0 0 0 0 0 0 0 0 0 0 0 0 0 0 0 0 0 0 0 0 0 0 0 0 0 0 0 0 0 0 0
0 0 0 0 0 0 0 0 0 0 0 0 0 0 0 0 0 0 0 0 0 0 0 0 0 0 0 0 0 0 0 0 0 0 0 0
0 0 0 0 0 0 0 0 0 0 0 0 0 0 0 0 0 0 0 0 0 0 0 0 0 0 0 0 0 0 0 0 0 0 0 0
0 0 0 0 0 0 0 0 0 0 0 0 0 0 0 0 0 0 0 0 0 0 0 0 0 0 0 0 0 0 0 0 0 0 0 0
0 0 0 0 0 0 0 0 0 0 0 0 0 0 0 0 0 0 0 0 0
##$SHL_SFCOEFFS14= (0..200)
0 0 0 0 0 0 0 0 0 0 0 0 0 0 0 0 0 0 0 0 0 0 0 0 0 0 0 0 0 0 0 0 0 0 0 0
0 0 0 0 0 0 0 0 0 0 0 0 0 0 0 0 0 0 0 0 0 0 0 0 0 0 0 0 0 0 0 0 0 0 0 0
0 0 0 0 0 0 0 0 0 0 0 0 0 0 0 0 0 0 0 0 0 0 0 0 0 0 0 0 0 0 0 0 0 0 0 0
0 0 0 0 0 0 0 0 0 0 0 0 0 0 0 0 0 0 0 0 0 0 0 0 0 0 0 0 0 0 0 0 0 0 0 0
0 0 0 0 0 0 0 0 0 0 0 0 0 0 0 0 0 0 0 0 0 0 0 0 0 0 0 0 0 0 0 0 0 0 0 0
0 0 0 0 0 0 0 0 0 0 0 0 0 0 0 0 0 0 0 0 0
##$SHL_SFCOEFFS15= (0..200)
0 0 0 0 0 0 0 0 0 0 0 0 0 0 0 0 0 0 0 0 0 0 0 0 0 0 0 0 0 0 0 0 0 0 0 0
0 0 0 0 0 0 0 0 0 0 0 0 0 0 0 0 0 0 0 0 0 0 0 0 0 0 0 0 0 0 0 0 0 0 0 0
0 0 0 0 0 0 0 0 0 0 0 0 0 0 0 0 0 0 0 0 0 0 0 0 0 0 0 0 0 0 0 0 0 0 0 0
0 0 0 0 0 0 0 0 0 0 0 0 0 0 0 0 0 0 0 0 0 0 0 0 0 0 0 0 0 0 0 0 0 0 0 0
0 0 0 0 0 0 0 0 0 0 0 0 0 0 0 0 0 0 0 0 0 0 0 0 0 0 0 0 0 0 0 0 0 0 0 0
0 0 0 0 0 0 0 0 0 0 0 0 0 0 0 0 0 0 0 0 0
##$SHL_SFCOEFFS2= (0..200)
0 0 0 0 0 0 0 0 0 0 0 0 0 0 0 0 0 0 0 0 0 0 0 0 0 0 0 0 0 0 0 0 0 0 0 0
0 0 0 0 0 0 0 0 0 0 0 0 0 0 0 0 0 0 0 0 0 0 0 0 0 0 0 0 0 0 0 0 0 0 0 0
0 0 0 0 0 0 0 0 0 0 0 0 0 0 0 0 0 0 0 0 0 0 0 0 0 0 0 0 0 0 0 0 0 0 0 0
0 0 0 0 0 0 0 0 0 0 0 0 0 0 0 0 0 0 0 0 0 0 0 0 0 0 0 0 0 0 0 0 0 0 0 0
0 0 0 0 0 0 0 0 0 0 0 0 0 0 0 0 0 0 0 0 0 0 0 0 0 0 0 0 0 0 0 0 0 0 0 0
0 0 0 0 0 0 0 0 0 0 0 0 0 0 0 0 0 0 0 0 0
##$SHL_SFCOEFFS3= (0..200)
0 0 0 0 0 0 0 0 0 0 0 0 0 0 0 0 0 0 0 0 0 0 0 0 0 0 0 0 0 0 0 0 0 0 0 0
0 0 0 0 0 0 0 0 0 0 0 0 0 0 0 0 0 0 0 0 0 0 0 0 0 0 0 0 0 0 0 0 0 0 0 0
0 0 0 0 0 0 0 0 0 0 0 0 0 0 0 0 0 0 0 0 0 0 0 0 0 0 0 0 0 0 0 0 0 0 0 0
0 0 0 0 0 0 0 0 0 0 0 0 0 0 0 0 0 0 0 0 0 0 0 0 0 0 0 0 0 0 0 0 0 0 0 0
0 0 0 0 0 0 0 0 0 0 0 0 0 0 0 0 0 0 0 0 0 0 0 0 0 0 0 0 0 0 0 0 0 0 0 0
0 0 0 0 0 0 0 0 0 0 0 0 0 0 0 0 0 0 0 0 0
##$SHL_SFCOEFFS4= (0..200)
0 0 0 0 0 0 0 0 0 0 0 0 0 0 0 0 0 0 0 0 0 0 0 0 0 0 0 0 0 0 0 0 0 0 0 0
0 0 0 0 0 0 0 0 0 0 0 0 0 0 0 0 0 0 0 0 0 0 0 0 0 0 0 0 0 0 0 0 0 0 0 0
0 0 0 0 0 0 0 0 0 0 0 0 0 0 0 0 0 0 0 0 0 0 0 0 0 0 0 0 0 0 0 0 0 0 0 0
0 0 0 0 0 0 0 0 0 0 0 0 0 0 0 0 0 0 0 0 0 0 0 0 0 0 0 0 0 0 0 0 0 0 0 0
0 0 0 0 0 0 0 0 0 0 0 0 0 0 0 0 0 0 0 0 0 0 0 0 0 0 0 0 0 0 0 0 0 0 0 0
0 0 0 0 0 0 0 0 0 0 0 0 0 0 0 0 0 0 0 0 0
##$SHL_SFCOEFFS5= (0..200)
0 0 0 0 0 0 0 0 0 0 0 0 0 0 0 0 0 0 0 0 0 0 0 0 0 0 0 0 0 0 0 0 0 0 0 0
0 0 0 0 0 0 0 0 0 0 0 0 0 0 0 0 0 0 0 0 0 0 0 0 0 0 0 0 0 0 0 0 0 0 0 0
0 0 0 0 0 0 0 0 0 0 0 0 0 0 0 0 0 0 0 0 0 0 0 0 0 0 0 0 0 0 0 0 0 0 0 0
0 0 0 0 0 0 0 0 0 0 0 0 0 0 0 0 0 0 0 0 0 0 0 0 0 0 0 0 0 0 0 0 0 0 0 0
0 0 0 0 0 0 0 0 0 0 0 0 0 0 0 0 0 0 0 0 0 0 0 0 0 0 0 0 0 0 0 0 0 0 0 0
0 0 0 0 0 0 0 0 0 0 0 0 0 0 0 0 0 0 0 0 0
##$SHL_SFCOEFFS6= (0..200)
0 0 0 0 0 0 0 0 0 0 0 0 0 0 0 0 0 0 0 0 0 0 0 0 0 0 0 0 0 0 0 0 0 0 0 0
0 0 0 0 0 0 0 0 0 0 0 0 0 0 0 0 0 0 0 0 0 0 0 0 0 0 0 0 0 0 0 0 0 0 0 0
0 0 0 0 0 0 0 0 0 0 0 0 0 0 0 0 0 0 0 0 0 0 0 0 0 0 0 0 0 0 0 0 0 0 0 0
0 0 0 0 0 0 0 0 0 0 0 0 0 0 0 0 0 0 0 0 0 0 0 0 0 0 0 0 0 0 0 0 0 0 0 0
0 0 0 0 0 0 0 0 0 0 0 0 0 0 0 0 0 0 0 0 0 0 0 0 0 0 0 0 0 0 0 0 0 0 0 0
0 0 0 0 0 0 0 0 0 0 0 0 0 0 0 0 0 0 0 0 0
##$SHL_SFCOEFFS7= (0..200)
0 0 0 0 0 0 0 0 0 0 0 0 0 0 0 0 0 0 0 0 0 0 0 0 0 0 0 0 0 0 0 0 0 0 0 0
0 0 0 0 0 0 0 0 0 0 0 0 0 0 0 0 0 0 0 0 0 0 0 0 0 0 0 0 0 0 0 0 0 0 0 0
0 0 0 0 0 0 0 0 0 0 0 0 0 0 0 0 0 0 0 0 0 0 0 0 0 0 0 0 0 0 0 0 0 0 0 0
0 0 0 0 0 0 0 0 0 0 0 0 0 0 0 0 0 0 0 0 0 0 0 0 0 0 0 0 0 0 0 0 0 0 0 0
0 0 0 0 0 0 0 0 0 0 0 0 0 0 0 0 0 0 0 0 0 0 0 0 0 0 0 0 0 0 0 0 0 0 0 0
0 0 0 0 0 0 0 0 0 0 0 0 0 0 0 0 0 0 0 0 0
##$SHL_SFCOEFFS8= (0..200)
0 0 0 0 0 0 0 0 0 0 0 0 0 0 0 0 0 0 0 0 0 0 0 0 0 0 0 0 0 0 0 0 0 0 0 0
0 0 0 0 0 0 0 0 0 0 0 0 0 0 0 0 0 0 0 0 0 0 0 0 0 0 0 0 0 0 0 0 0 0 0 0
0 0 0 0 0 0 0 0 0 0 0 0 0 0 0 0 0 0 0 0 0 0 0 0 0 0 0 0 0 0 0 0 0 0 0 0
0 0 0 0 0 0 0 0 0 0 0 0 0 0 0 0 0 0 0 0 0 0 0 0 0 0 0 0 0 0 0 0 0 0 0 0
0 0 0 0 0 0 0 0 0 0 0 0 0 0 0 0 0 0 0 0 0 0 0 0 0 0 0 0 0 0 0 0 0 0 0 0
0 0 0 0 0 0 0 0 0 0 0 0 0 0 0 0 0 0 0 0 0
##$SHL_SFCOEFFS9= (0..200)
0 0 0 0 0 0 0 0 0 0 0 0 0 0 0 0 0 0 0 0 0 0 0 0 0 0 0 0 0 0 0 0 0 0 0 0
0 0 0 0 0 0 0 0 0 0 0 0 0 0 0 0 0 0 0 0 0 0 0 0 0 0 0 0 0 0 0 0 0 0 0 0
0 0 0 0 0 0 0 0 0 0 0 0 0 0 0 0 0 0 0 0 0 0 0 0 0 0 0 0 0 0 0 0 0 0 0 0
0 0 0 0 0 0 0 0 0 0 0 0 0 0 0 0 0 0 0 0 0 0 0 0 0 0 0 0 0 0 0 0 0 0 0 0
0 0 0 0 0 0 0 0 0 0 0 0 0 0 0 0 0 0 0 0 0 0 0 0 0 0 0 0 0 0 0 0 0 0 0 0
0 0 0 0 0 0 0 0 0 0 0 0 0 0 0 0 0 0 0 0 0
##$SHL_SMOOTHED= (0..15)
0 0 0 0 0 0 0 0 0 0 0 0 0 0 0 0
##$SHL_SMOOTHING= (0..15)
0 0 0 0 0 0 0 0 0 0 0 0 0 0 0 0
##$SHL_SPOAL= (0..15)
0 0 0 0 0 0 0 0 0 0 0 0 0 0 0 0
##$SHL_SPOFFS= (0..15)
0 0 0 0 0 0 0 0 0 0 0 0 0 0 0 0
##$SHL_SPOPH= (0..15)
0 0 0 0 0 0 0 0 0 0 0 0 0 0 0 0
##$SHL_STARTAMP= (0..15)
0 0 0 0 0 0 0 0 0 0 0 0 0 0 0 0
##$SHL_SW= (0..15)
0 0 0 0 0 0 0 0 0 0 0 0 0 0 0 0
##$SHL_SWDIR= (0..15)
-1 -1 -1 -1 -1 -1 -1 -1 -1 -1 -1 -1 -1 -1 -1 -1
##$SHL_TANKAPPA= (0..15)
0 0 0 0 0 0 0 0 0 0 0 0 0 0 0 0
##$SHL_TOTROT= (0..15)
90 0 0 0 0 0 0 0 0 0 0 0 0 0 0 0
##$SHL_TRUNCLEV= (0..15)
0 0 0 0 0 0 0 0 0 0 0 0 0 0 0 0
##$SHL_TYPE= (0..15)
<Excitation> <> <> <> <> <> <> <> <> <> <> <> <> <> <> <>
##$SHL_WINDOWSIZE= (0..15)
0 0 0 0 0 0 0 0 0 0 0 0 0 0 0 0
##$SHL_ZETA= (0..15)
0 0 0 0 0 0 0 0 0 0 0 0 0 0 0 0
##NPOINTS= 1000
##XYPOINTS= (XY..XY)
0.000000, 2.384019
0.000037, 7.149024
0.000150, 11.904778
0.000338, 16.644600
0.000599, 21.360985
0.000926, 26.045156
0.001309, 30.686478
0.001736, 35.271642
0.002189, 39.783499
0.002650, 44.199316
0.003096, 48.488093
0.003503, 52.606269
0.003846, 56.490580
0.004097, 60.045636
0.004232, 63.121213
0.004228, 65.468238
0.004067, 66.648126
0.003749, 65.835333
0.003300, 61.387390
0.002829, 50.175560
0.002623, 29.057887
0.003091, 4.536497
0.004315, 348.608058
0.006090, 341.457013
0.008262, 339.344745
0.010743, 339.970336
0.013474, 342.185116
0.016398, 345.403120
0.019456, 349.309002
0.022582, 353.726212
0.025702, 358.555560
0.028737, 3.745386
0.031597, 9.276970
0.034192, 15.158164
0.036427, 21.422232
0.038213, 28.130884
0.039469, 35.381629
0.040134, 43.320362
0.040184, 52.160193
0.039661, 62.205517
0.038714, 73.870688
0.037667, 87.652103
0.037106, 103.947625
0.037899, 122.598555
0.041024, 142.395733
0.047187, 161.422491
0.056586, 178.260800
0.069050, 192.570710
0.084290, 204.686513
0.102031, 215.109486
0.122036, 224.278920
0.144094, 232.524963
0.167997, 240.083248
0.193527, 247.119840
0.220449, 253.752157
0.248499, 260.063960
0.277387, 266.115547
0.306791, 271.950591
0.336356, 277.600713
0.365702, 283.088550
0.394420, 288.429809
0.422077, 293.634612
0.448223, 298.708346
0.472396, 303.652122
0.494127, 308.462912
0.512951, 313.133394
0.528415, 317.651479
0.540090, 321.999480
0.547585, 326.152827
0.550566, 330.078167
0.548774, 333.730636
0.542055, 337.049971
0.530396, 339.955042
0.513984, 342.336348
0.493273, 344.046250
0.469109, 344.887906
0.442886, 344.607603
0.416774, 342.904842
0.393960, 339.493395
0.378724, 334.262547
0.375974, 327.534488
0.389928, 320.210059
0.422506, 313.482800
0.472844, 308.260061
0.538253, 304.871185
0.615504, 303.209708
0.701571, 302.991184
0.793831, 303.915906
0.890019, 305.730915
0.988132, 308.240498
1.086338, 311.298690
1.182920, 314.798288
1.276238, 318.661165
1.364714, 322.830864
1.446825, 327.267289
1.521114, 331.943018
1.586200, 336.840861
1.640800, 341.952335
1.683748, 347.276887
1.714030, 352.821738
1.730818, 358.602323
1.733513, 4.643356
1.721797, 10.980607
1.695701, 17.663520
1.655693, 24.758833
1.602795, 32.355257
1.538743, 40.568932
1.466208, 49.548324
1.389088, 59.474786
1.312844, 70.549836
1.244796, 82.952541
1.194065, 96.747256
1.170663, 111.748172
1.183357, 127.426205
1.236943, 143.002280
1.330744, 157.735107
1.459461, 171.176840
1.615408, 183.212378
1.790459, 193.943370
1.977050, 203.558917
2.168447, 212.256173
2.358690, 220.206572
2.542442, 227.547290
2.714863, 234.383175
2.871509, 240.791700
3.008287, 246.827880
3.121441, 252.528135
3.207564, 257.912817
3.263638, 262.987429
3.287105, 267.742449
3.275954, 272.151624
3.228866, 276.168299
3.145405, 279.719066
3.026324, 282.693523
2.874034, 284.928435
2.693378, 286.184519
2.492915, 286.116689
2.287007, 284.251247
2.098819, 280.025548
1.963011, 273.033945
1.923084, 263.621541
2.016401, 253.385556
2.254149, 244.471308
2.619582, 238.140600
3.084524, 234.462076
3.622732, 232.941441
4.213594, 233.024767
4.841255, 234.269193
5.492996, 236.355728
6.158007, 239.061433
6.826606, 242.230646
7.489795, 245.753476
8.139007, 249.551144
8.765984, 253.566251
9.362736, 257.756317
9.921534, 262.089466
10.434947, 266.541500
10.895888, 271.093890
11.297677, 275.732376
11.634112, 280.445990
11.899535, 285.226359
12.088915, 290.067229
12.197911, 294.964138
12.222949, 299.914208
12.161282, 304.916058
12.011055, 309.969802
11.771354, 315.077176
11.442255, 320.241793
11.024863, 325.469599
10.521340, 330.769608
9.934931, 336.155097
9.269983, 341.645557
8.531964, 347.269993
7.727494, 353.072720
6.864403, 359.124153
5.951877, 5.542318
5.000825, 12.539731
4.024850, 20.538004
3.043238, 30.493921
2.092159, 45.027921
1.280607, 72.946766
1.022704, 129.518326
1.578533, 172.976556
2.403527, 192.934721
3.257387, 204.930416
4.077155, 213.940397
4.835603, 221.576493
5.515114, 228.488035
6.101770, 234.984980
6.583663, 241.236218
6.950356, 247.345252
7.192745, 253.383805
7.303073, 259.409220
7.275018, 265.475594
7.103837, 271.643475
6.786578, 277.991919
6.322407, 284.638262
5.713223, 291.777029
4.965002, 299.767879
4.091320, 309.364344
3.124763, 322.413323
2.164333, 344.300867
1.587150, 28.023456
2.075932, 78.259157
3.327714, 104.761080
4.874304, 119.422113
6.572152, 129.622885
8.368925, 137.823536
10.234681, 144.975493
12.146097, 151.511484
14.082006, 157.653918
16.021927, 163.527939
17.945570, 169.208907
19.832719, 174.744587
21.663277, 180.166420
23.417390, 185.495645
25.075615, 190.746808
26.619108, 195.929845
28.029824, 201.051373
29.290723, 206.115487
30.385971, 211.124251
31.301152, 216.077982
32.023452, 220.975390
32.541861, 225.813587
32.847344, 230.587991
32.933023, 235.292116
32.794332, 239.917226
32.429184, 244.451827
31.838127, 248.880929
31.024512, 253.185002
29.994679, 257.338486
28.758195, 261.307639
27.328167, 265.047408
25.721707, 268.496813
23.960646, 271.572052
22.072687, 274.156150
20.093303, 276.083530
18.068911, 277.117871
16.062150, 276.924041
14.160175, 275.046338
12.485598, 270.942674
11.203031, 264.203639
10.497875, 255.094285
10.499962, 245.062943
11.194339, 236.184066
12.429171, 229.793693
14.010428, 226.063746
15.772209, 224.555973
17.592423, 224.734486
19.384228, 226.159315
21.084797, 228.511275
22.647192, 231.568548
24.035364, 235.179242
25.221224, 239.240301
26.182996, 243.683126
26.904328, 248.464259
27.373866, 253.559609
27.585137, 258.961136
27.536646, 264.675352
27.232183, 270.723288
26.681342, 277.141765
25.900307, 283.985951
24.913029, 291.333185
23.752924, 299.287810
22.465292, 307.985968
21.110596, 317.597313
19.768424, 328.316279
18.540955, 340.328460
17.552593, 353.732382
16.939438, 8.413011
16.822884, 23.928903
17.272963, 39.550601
18.284193, 54.509557
19.783404, 68.279992
21.660855, 80.672981
23.800470, 91.747602
26.096552, 101.678384
28.458816, 110.663825
30.811631, 118.883507
33.091511, 126.484935
35.244651, 133.583735
37.225023, 140.268339
38.993058, 146.605297
40.514806, 152.643885
41.761437, 158.419673
42.708985, 163.957109
43.338262, 169.271261
43.634904, 174.368845
43.589503, 179.248619
43.197848, 183.901158
42.461267, 188.307983
41.387105, 192.439905
39.989424, 196.254380
38.290016, 199.691554
36.319922, 202.668560
34.121744, 205.071624
31.753193, 206.745874
29.292453, 207.484237
26.845902, 207.021421
24.557828, 205.050453
22.618242, 201.300001
21.256675, 195.721398
20.701401, 188.753365
21.099434, 181.404728
22.447858, 174.869358
24.604525, 169.950870
27.363267, 166.868325
30.521855, 165.455149
33.911090, 165.409730
37.397249, 166.435379
40.875270, 168.287800
44.261220, 170.779520
47.486513, 173.770576
50.493990, 177.157316
53.235391, 180.862946
55.669791, 184.830388
57.762635, 189.017115
59.485176, 193.391498
60.814150, 197.930236
61.731600, 202.616585
62.224790, 207.439149
62.286175, 212.391109
61.913387, 217.469794
61.109245, 222.676554
59.881762, 228.016917
58.244170, 233.501067
56.214956, 239.144703
53.817948, 244.970403
51.082459, 251.009697
48.043588, 257.306179
44.742740, 263.920161
41.228552, 270.935675
37.558514, 278.471018
33.801748, 286.694448
30.043750, 295.846552
26.394259, 306.267989
22.999372, 318.418789
20.056347, 332.835618
17.818076, 349.894237
16.549610, 9.256042
16.402455, 29.409440
17.290434, 48.311311
18.929280, 64.716749
20.992599, 78.511308
23.213056, 90.144094
25.398696, 100.142425
27.415850, 108.935054
29.170225, 116.832021
30.593727, 124.048142
31.636382, 130.729408
32.261586, 136.972830
32.443362, 142.839418
32.164811, 148.361647
31.417328, 153.546415
30.200368, 158.373635
28.521780, 162.789291
26.398917, 166.689590
23.861234, 169.888134
20.956146, 172.046899
17.763029, 172.523602
14.429789, 170.019632
11.276039, 161.838213
9.052350, 143.631523
9.029511, 117.044968
11.563826, 96.595218
15.647227, 86.738865
20.478570, 83.233019
25.685383, 83.008380
31.081506, 84.566357
36.552168, 87.168421
42.012471, 90.423764
47.391725, 94.110181
52.627088, 98.093253
57.660871, 102.287334
62.439425, 106.635410
66.912761, 111.098076
71.034531, 115.647174
74.762177, 120.261965
78.057173, 124.926716
80.885293, 129.629139
83.216888, 134.359332
85.027146, 139.109038
86.296319, 143.871107
87.009923, 148.639074
87.158894, 153.406823
86.739696, 158.168277
85.754395, 162.917096
84.210670, 167.646358
82.121797, 172.348176
79.506577, 177.013218
76.389237, 181.630067
72.799302, 186.184334
68.771459, 190.657362
64.345433, 195.024301
59.565928, 199.251119
54.482703, 203.289813
49.150940, 207.070415
43.632178, 210.487068
37.996458, 213.372532
32.327039, 215.448879
26.731145, 216.226748
21.365714, 214.791301
16.502358, 209.370993
12.680876, 196.895724
10.866093, 175.534622
11.743091, 153.110949
14.560057, 139.141050
18.176642, 132.895142
21.952206, 131.149231
25.585453, 131.924716
28.921149, 134.201829
31.868058, 137.445657
34.367026, 141.362390
36.377900, 145.785225
37.873846, 150.619717
38.838830, 155.816710
39.266639, 161.358969
39.160769, 167.255362
38.534978, 173.539952
37.414546, 180.275092
35.838512, 187.558672
33.863453, 195.536287
31.569766, 204.419056
29.072012, 214.505443
26.535074, 226.195482
24.195903, 239.956158
22.380072, 256.139047
21.476201, 274.549145
21.817399, 294.014149
23.512523, 312.731098
26.404290, 329.364491
30.198605, 343.573519
34.602329, 355.655428
39.377844, 6.079128
44.343353, 15.264536
49.358504, 23.531807
54.311231, 31.111779
59.108760, 38.168357
63.672030, 44.818070
67.932385, 51.144379
71.829657, 57.207543
75.311117, 63.051292
78.330916, 68.707316
80.849857, 74.198292
82.835331, 79.539915
84.261369, 84.742231
85.108762, 89.810466
85.365200, 94.745469
85.025449, 99.543832
84.091547, 104.197696
82.573033, 108.694240
80.487233, 113.014782
77.859657, 117.133408
74.724558, 121.014944
71.125783, 124.612051
67.118070, 127.861096
62.769078, 130.676365
58.162556, 132.942194
53.403251, 134.502935
48.624335, 135.152201
43.997931, 134.627349
39.747762, 132.626366
36.157549, 128.884170
33.556957, 123.354841
32.256377, 116.467744
32.428459, 109.208090
34.014732, 102.747223
36.753621, 97.883812
40.300201, 94.846473
44.329025, 93.480895
48.575546, 93.494506
52.837029, 94.596173
56.960043, 96.545060
60.827543, 99.156235
64.349107, 102.292092
67.454293, 105.851574
70.088317, 109.760991
72.209288, 113.967076
73.786447, 118.432032
74.799049, 123.130108
75.235658, 128.045328
75.093720, 133.170104
74.379321, 138.504534
73.107106, 144.056317
71.300335, 149.841236
68.991108, 155.884259
66.220817, 162.221348
63.040903, 168.902114
59.514085, 175.993489
55.716254, 183.584493
51.739324, 191.791824
47.695294, 200.765006
43.721602, 210.687326
39.986905, 221.763595
36.694042, 234.177794
34.072309, 247.999961
32.346796, 263.047520
31.679203, 278.787516
32.103234, 294.429146
33.503505, 309.218191
35.658843, 322.700066
38.313137, 334.759910
41.227726, 345.503003
44.202983, 355.122367
47.079942, 3.818140
49.734251, 11.763687
52.069059, 19.097292
54.009138, 25.924339
55.496615, 32.322440
56.488054, 38.346454
56.952564, 44.032372
56.870620, 49.399842
56.233454, 54.453300
55.042886, 59.181666
53.311628, 63.556395
51.064151, 67.527419
48.338384, 71.016166
45.188741, 73.904276
41.691398, 76.016122
37.953440, 77.093214
34.128479, 76.761943
30.441841, 74.512147
27.224140, 69.756079
24.929561, 62.138168
24.063780, 52.211613
24.955251, 41.838753
27.541408, 33.182526
31.449884, 27.285233
36.246462, 24.030480
41.575940, 22.856421
47.179241, 23.205759
52.869009, 24.651010
58.504949, 26.889581
63.977149, 29.711550
69.196003, 32.970729
74.086346, 36.563953
78.584063, 40.417198
82.634152, 44.476448
86.189618, 48.701659
89.210850, 53.062719
91.665291, 57.536721
93.527246, 62.106081
94.777790, 66.757228
95.404690, 71.479688
95.402341, 76.265426
94.771679, 81.108398
93.520067, 86.004238
91.661135, 90.950060
89.214589, 95.944370
86.205966, 100.987054
82.666347, 106.079489
78.632035, 111.224771
74.144182, 116.428119
69.248393, 121.697553
63.994307, 127.044973
58.435167, 132.487964
52.627414, 138.052836
46.630351, 143.780034
40.505972, 149.734292
34.319210, 156.025148
28.139187, 162.852487
22.043333, 170.620888
16.131088, 180.279311
10.579641, 194.593365
5.965012, 224.171993
4.831425, 288.642147
8.090369, 330.418572
12.276412, 348.235561
16.339864, 359.176894
20.045410, 7.613341
23.300539, 14.904910
26.052717, 21.596440
28.266682, 27.949169
29.917751, 34.107107
30.989462, 40.160427
31.472660, 46.173857
31.365158, 52.201790
30.671665, 58.298542
29.403923, 64.528086
27.581141, 70.977074
25.230987, 77.777008
22.391910, 85.148411
19.118870, 93.500573
15.499161, 103.687610
11.703744, 117.761771
8.188227, 141.284969
6.396837, 184.289902
8.235368, 229.452171
12.460832, 254.731348
17.570061, 269.452575
23.047266, 279.854677
28.690484, 288.233685
34.385795, 295.526216
40.049744, 302.171344
45.612006, 308.399050
51.009373, 314.340398
56.183510, 320.075037
61.080178, 325.653799
65.649067, 331.110330
69.843904, 336.467468
73.622674, 341.740924
76.947900, 346.941492
79.786915, 352.076412
82.112133, 357.150221
83.901279, 2.165281
85.137596, 7.122092
85.809999, 12.019432
85.913202, 16.854381
85.447796, 21.622218
84.420291, 26.316203
82.843136, 30.927209
80.734710, 35.443181
78.119307, 39.848356
75.027153, 44.122149
71.494459, 48.237557
67.563598, 52.158868
63.283471, 55.838309
58.710222, 59.211115
53.908522, 62.188177
48.953837, 64.645065
43.936337, 66.405862
38.967542, 67.220573
34.191232, 66.738458
29.799891, 64.494244
26.053606, 59.967455
23.281669, 52.850983
21.815984, 43.611754
21.823212, 33.845233
23.164009, 25.510496
25.468112, 19.694666
28.331279, 16.428127
31.430379, 15.253691
34.537287, 15.662949
37.496109, 17.247082
40.199639, 19.710466
42.573059, 22.847200
44.563884, 26.515795
46.135953, 30.619986
47.265861, 35.095652
47.940836, 39.902338
48.157483, 45.017991
47.921104, 50.435975
47.245397, 56.163766
46.152498, 62.223039
44.673357, 68.651000
42.848516, 75.502960
40.729440, 82.856135
38.380572, 90.814394
35.882365, 99.512920
33.335396, 109.119733
30.865190, 119.826806
28.625881, 131.816624
26.797755, 145.185057
25.569885, 159.817417
25.100821, 175.278330
25.467204, 190.849137
26.633612, 205.770673
28.469444, 219.519927
30.797509, 231.904956
33.438702, 242.979936
36.235491, 252.915228
39.057978, 261.906568
41.801642, 270.131931
44.382790, 277.737952
46.734275, 284.839797
48.802195, 291.525639
50.543526, 297.861853
51.924506, 303.897544
52.919552, 309.668074
53.510528, 315.197611
53.686283, 320.500837
53.442358, 325.583935
52.780823, 330.444935
51.710252, 335.073419
50.245815, 339.449543
48.409542, 343.542241
46.230832, 347.306368
43.747320, 350.678443
41.006324, 353.570532
38.067160, 355.861838
35.004825, 357.387996
31.915601, 357.929980
28.925004, 357.210074
26.197098, 354.915783
23.939659, 350.794825
22.390249, 344.867086
21.762405, 337.687822
22.158076, 330.356409
23.512517, 324.044600
25.630839, 319.449108
28.275930, 316.691885
31.232678, 315.559219
34.329404, 315.739188
37.435295, 316.940764
40.451208, 318.929380
43.301127, 321.526705
45.925915, 324.600118
48.279116, 328.051514
50.324224, 331.808202
52.032907, 335.816112
53.383851, 340.034928
54.361976, 344.434649
54.957895, 348.993178
55.167514, 353.694660
54.991716, 358.528355
54.436100, 3.487916
53.510737, 8.571006
52.229951, 13.779191
50.612103, 19.118124
48.679385, 24.598031
46.457639, 30.234585
43.976201, 36.050284
41.267815, 42.076548
38.368643, 48.356862
35.318451, 54.951524
32.161094, 61.944810
28.945488, 69.455875
25.727425, 77.655193
22.572786, 86.788462
19.563009, 97.207388
16.803644, 109.394214
14.434908, 123.924364
12.634483, 141.220167
11.583672, 160.944941
11.370991, 181.480542
11.902418, 200.643031
12.943928, 217.154055
14.246043, 230.952770
15.615372, 242.544783
16.920260, 252.489719
18.074363, 261.230640
19.021136, 269.082849
19.723546, 276.262533
20.157864, 282.915550
20.310011, 289.138281
20.173367, 294.990989
19.747453, 300.505378
19.037135, 305.687478
18.052205, 310.515984
16.807298, 314.934744
15.322284, 318.835603
13.623512, 322.022373
11.746962, 324.133359
9.746314, 324.464356
7.715177, 321.541697
5.853422, 312.176986
4.637153, 291.307944
4.802624, 262.813971
6.341099, 243.465695
8.578028, 235.014384
11.098934, 232.410768
13.725012, 232.739306
16.367142, 234.652301
18.970142, 237.494552
21.493709, 240.919874
23.905342, 244.730986
26.177448, 248.808130
28.286093, 253.074713
30.210448, 257.479549
31.932546, 261.987120
33.437188, 266.571935
34.711907, 271.215126
35.746964, 275.902295
36.535343, 280.622116
37.072736, 285.365375
37.357516, 290.124302
37.390682, 294.892071
37.175795, 299.662416
36.718884, 304.429297
36.028336, 309.186607
35.114764, 313.927863
33.990858, 318.645878
32.671225, 323.332352
31.172214, 327.977361
29.511730, 332.568661
27.709059, 337.090711
25.784682, 341.523258
23.760121, 345.839198
21.657811, 350.001268
19.501041, 353.956717
17.314021, 357.628395
15.122176, 0.899206
12.952907, 3.583636
10.837342, 5.372897
8.814338, 5.724132
6.939963, 3.632890
5.310397, 357.222643
4.108870, 343.617794
3.616959, 322.399927
3.940043, 302.021778
4.779824, 289.744951
5.802143, 284.300313
6.828216, 282.897135
7.775331, 283.821909
8.603318, 286.166095
9.291482, 289.440978
9.829239, 293.373051
10.212077, 297.805052
10.439669, 302.647333
10.514924, 307.853346
10.443492, 313.407420
10.233520, 319.319485
9.895589, 325.624398
9.442815, 332.385106
8.891169, 339.699765
8.260122, 347.713493
7.573792, 356.635182
6.862862, 6.757172
6.167518, 18.465373
5.541079, 32.198965
5.051693, 48.267843
4.774618, 66.447427
4.766727, 85.602512
5.035002, 104.032538
5.533239, 120.475111
6.191159, 134.588957
6.942510, 146.638134
7.735450, 157.061895
8.531901, 166.262058
9.304063, 174.549274
10.031334, 182.149756
10.698182, 189.225286
11.292795, 195.891493
11.806230, 202.231522
12.231877, 208.305570
12.565110, 214.157400
12.803039, 219.818752
12.944341, 225.312325
12.989121, 230.653787
12.938798, 235.853086
12.796002, 240.915269
12.564485, 245.840904
12.249029, 250.626175
11.855369, 255.262654
11.390114, 259.736744
10.860682, 264.028713
10.275246, 268.111224
9.642712, 271.947179
8.972718, 275.486620
8.275696, 278.662344
7.563008, 281.383792
6.847206, 283.528813
6.142461, 284.933424
5.465224, 285.381577
4.835123, 284.602398
4.275866, 282.295152
3.815272, 278.222371
3.482378, 272.411799
3.299259, 265.401653
3.269518, 258.245795
3.372944, 252.072957
3.573118, 247.569465
3.830847, 244.872804
4.113005, 243.789862
4.394865, 244.024078
4.659071, 245.293842
4.893828, 247.370147
5.091348, 250.078277
5.246723, 253.288467
5.357155, 256.905417
5.421443, 260.859593
5.439625, 265.100724
5.412725, 269.593177
5.342573, 274.312776
5.231657, 279.244695
5.083015, 284.382190
4.900136, 289.725978
4.686891, 295.284211
4.447464, 301.073000
4.186305, 307.117556
3.908095, 313.454023
3.617724, 320.132180
3.320304, 327.219163
3.021197, 334.804319
2.726091, 343.004957
2.441117, 351.971755
2.173006, 1.890101
1.929226, 12.968374
1.717964, 25.395874
1.547602, 39.248745
1.425235, 54.347787
1.354184, 70.155584
1.331684, 85.868329
1.348845, 100.717708
1.393310, 114.242058
1.452609, 126.327110
1.516272, 137.082311
1.576421, 146.705042
1.627539, 155.398702
1.665975, 163.338734
1.689486, 170.664605
1.696875, 177.482265
1.687724, 183.869472
1.662212, 189.880914
1.620971, 195.552138
1.564993, 200.902049
1.495557, 205.933963
1.414172, 210.635158
1.322543, 214.974658
1.222550, 218.898757
1.116249, 222.323323
1.005896, 225.121365
0.894021, 227.103694
0.783569, 227.990649
0.678153, 227.377152
0.582446, 224.713691
0.502625, 219.390380
0.446263, 211.123738
0.420220, 200.712441
0.426190, 190.276999
0.458473, 181.937922
0.507541, 176.493328
0.564702, 173.658028
0.623758, 172.819263
0.680695, 173.423551
0.732981, 175.060675
0.779037, 177.444469
0.817905, 180.377604
0.849046, 183.722930
0.872219, 187.383654
0.887405, 191.290252
0.894756, 195.391908
0.894559, 199.650879
0.887204, 204.038724
0.873170, 208.533757
0.852998, 213.119288
0.827281, 217.782397
0.796645, 222.513069
0.761743, 227.303586
0.723234, 232.148088
0.681781, 237.042286
0.638035, 241.983268
0.592631, 246.969401
0.546180, 252.000320
0.499259, 257.077011
0.452409, 262.202011
0.406128, 267.379760
0.360872, 272.617200
0.317045, 277.924746
0.275005, 283.317897
0.235057, 288.819991
0.197459, 294.467136
0.162416, 300.317560
0.130093, 306.470755
0.100613, 313.110749
0.074071, 320.617775
0.050578, 329.914920
0.030400, 343.879409
0.014943, 15.427463
0.012258, 89.568818
0.021374, 127.874002
0.030820, 143.445413
0.038559, 153.357072
0.044385, 161.240918
0.048374, 168.201454
0.050678, 174.681793
0.051477, 180.896367
0.050960, 186.965416
0.049319, 192.966429
0.046744, 198.957545
0.043420, 204.990486
0.039522, 211.119997
0.035216, 217.413664
0.030657, 223.965915
0.025986, 230.922561
0.021336, 238.530058
0.016832, 247.246149
0.012606, 258.018531
0.008828, 273.063824
0.005845, 297.882847
0.004471, 339.564658
0.005233, 20.636269
0.006974, 44.850410
0.008767, 59.583689
0.010313, 70.151052
0.011525, 78.687414
0.012383, 86.107940
0.012897, 92.854239
0.013088, 99.161897
0.012989, 105.166855
0.012636, 110.952464
0.012068, 116.572277
0.011325, 122.061933
0.010448, 127.445730
0.009476, 132.740455
0.008446, 137.957693
0.007392, 143.105259
0.006345, 148.188100
0.005333, 153.208850
0.004377, 158.168163
0.003497, 163.064869
0.002707, 167.895993
0.002017, 172.656658
0.001433, 177.339841
0.000955, 181.935997
0.000583, 186.432478
0.000310, 190.812701
0.000130, 195.054964
0.000030, 199.130744
0.000000, 203.002244
##END=
